4000
5 843 1738 1956 2435 3894
1 1376
1 1661
3 550 643 2202
2 476 534
3 680 2084 3946
2 2931 3757
3 1169 2509 2539
1 394
2 425 3250
2 2132 3395
3 506 1097 1362
3 950 2354 3973
1 893
2 298 2127
2 2133 2832
4 1412 1951 2465 3365
3 2016 3300 3542
1 2079
2 1020 3359
2 3257 3625
3 551 1777 3106
1 96
1 1725
6 665 871 1461 1564 3706 3904
3 1469 1479 1745
1 3200
2 2729 3776
3 282 2676 3542
2 1555 3326
3 1074 2271 3613
3 352 358 1017
3 1731 3743 3932
2 3229 3848
2 3395 3712
1 1894
2 1093 2980
2 2391 3131
1 2275
4 180 458 1151 3373
1 865
5 807 1105 2575 2910 3068
3 598 1547 1900
3 1041 2983 3217
4 325 452 3056 3717
3 1212 2855 3067
7 1479 1797 1979 2368 2558 2894 3742
2 1092 3834
4 1085 3078 3511 3558
1 950
1 3105
4 1161 1255 2032 3435
1 3627
2 794 2089
2 302 1168
5 635 1448 1839 3304 3910
3 1392 2619 3408
2 1602 2456
1 3337
1 3511
2 997 1389
2 462 2196
1 1859
1 2176
2 1853 2616
4 604 2080 2438 3800
4 1084 3260 3488 3865
1 2748
4 101 2451 2617 3080
1 84
4 256 1661 1773 2025
2 2414 3488
2 582 2223
2 1347 2258
1 3534
3 357 3071 3664
3 233 1257 2839
3 1464 1573 3384
3 587 875 1116
2 1122 2150
4 418 429 1234 1659
6 353 1523 1749 3094 3165 3912
1 958
5 115 245 805 1099 1291
2 677 3786
2 3143 3679
2 2130 2775
3 1970 2199 2607
1 1302
5 228 1306 1784 2886 3527
3 1485 2989 3059
1 466
3 336 532 1512
4 1393 1631 2873 3583
2 285 2148
3 66 1283 2267
2 785 973
3 333 1957 2444
4 271 1860 3273 3737
1 3403
2 2809 2868
3 212 1709 3316
1 568
1 1786
4 31 1376 1628 2376
3 601 891 1699
3 398 1122 3514
2 2181 2445
4 1053 2102 2447 2817
2 769 1121
1 1701
2 175 1207
3 976 2072 3217
4 844 1722 3294 3309
3 356 2226 3940
6 923 1548 2098 2231 2510 2585
4 1235 1392 1857 3761
3 3314 3356 3504
3 147 2645 3787
2 2886 3149
1 217
2 2021 3701
4 2254 3087 3466 3696
3 400 1486 3032
3 1783 1881 3922
1 2378
1 3007
2 1370 2958
5 1419 1916 2585 2589 3703
3 913 2503 2718
1 2850
3 2226 2764 3519
2 1041 2621
1 3618
7 459 480 629 1202 1864 3626 3689
3 1586 3570 3672
3 1711 3026 3465
1 2848
1 394
3 1080 1190 3039
3 1502 2022 3995
4 263 1364 2793 3335
2 473 809
2 2229 3047
1 449
1 2160
1 2801
4 2822 2876 3364 3878
3 225 350 1445
2 3450 3549
3 1210 2438 2690
1 2531
2 547 2740
3 9 133 1464
3 339 2307 3359
2 354 3614
1 3678
3 515 776 2207
2 2046 3490
4 387 2141 2858 3984
1 3719
1 3399
2 207 316
2 2442 3901
4 955 1358 1562 3170
3 2052 2441 2917
1 3345
1 2748
2 1333 3591
1 240
2 607 3403
3 10 1936 2009
1 269
2 392 3403
3 783 2742 3148
4 296 777 2949 2988
4 185 2040 3096 3922
2 255 2635
2 2600 2969
3 102 941 2270
7 108 857 1374 1531 2271 3173 3396
1 3379
4 844 1754 2356 3760
4 978 3195 3276 3481
3 43 2045 3445
2 1378 1664
3 435 769 2382
5 383 490 2512 2778 3439
3 146 1039 1686
3 2191 3874 3885
3 1127 1631 3214
1 3620
1 1651
2 1928 3377
4 1085 1675 1819 2384
2 3435 3873
4 100 621 1382 2812
3 1609 3888 3933
2 2378 3165
4 1120 2083 3245 3752
1 202
4 1310 3412 3816 3940
3 580 2729 3446
4 28 918 3478 3505
2 3525 3892
2 708 1889
4 167 198 411 3315
1 2206
1 972
1 1855
2 2425 2564
4 138 1788 2988 3806
1 2892
4 2161 2209 2772 3482
2 2022 3041
3 224 2189 3348
5 1182 1204 2112 2336 3764
1 3337
3 2826 3439 3711
1 1675
3 598 2418 2424
3 516 854 1958
4 151 2839 3278 3544
1 946
3 110 682 2319
2 198 1505
2 1327 1753
4 568 2173 2770 3274
4 2376 2536 2834 2870
4 1929 2968 3123 3328
2 343 2587
3 1733 2751 3188
2 1955 3910
3 855 1427 3644
3 1497 2989 3656
3 726 1207 1829
1 2318
1 910
2 3788 3826
3 1080 3500 3839
4 769 1729 1756 2177
1 3016
5 596 1410 1466 1782 3418
4 695 2330 2410 2597
2 783 2274
2 304 859
4 613 930 1984 3941
3 37 1494 3524
3 387 1204 2144
3 216 2766 2896
1 575
2 2122 2728
2 1255 3939
3 1023 1502 3390
3 1070 3078 3709
1 2793
5 223 349 1852 1967 3983
1 1429
2 1141 2206
1 3705
5 111 142 1119 1620 3613
6 286 585 755 784 3251 3860
1 3670
1 2211
2 2570 3964
3 506 1823 3990
1 607
2 1345 1567
2 335 3707
3 213 1954 3444
6 113 1012 1634 1834 2847 3602
5 582 1175 1374 2003 3616
4 376 2961 3317 3448
3 179 1274 1964
3 1298 1699 2838
1 3457
2 52 657
2 382 3067
2 1747 3824
2 3562 3940
4 1643 2893 3281 3483
5 369 1829 1856 2618 3669
1 1120
2 1403 3554
2 5 709
3 415 2269 2891
1 428
1 3708
1 2618
2 620 735
2 451 1834
1 3517
5 1071 1121 2897 3032 3503
3 240 797 1140
4 1066 1403 1633 3355
1 1211
1 2816
3 567 935 3549
3 32 1783 3027
5 59 2498 3038 3093 3338
4 1640 1799 2659 3411
3 247 312 2929
4 57 85 2013 3561
5 264 2349 2978 3472 3726
2 2372 2560
2 791 1666
3 1534 1844 2290
3 735 2197 3889
3 1731 3516 3675
5 438 1373 1940 2249 3675
2 265 3221
3 965 1377 3846
3 1246 1979 2210
2 1166 3716
2 1824 2653
3 2 571 860
1 1627
5 499 1505 3840 3913 3986
1 3205
3 790 1339 3620
2 2531 3886
1 3564
2 1927 3764
1 1047
4 1010 1989 2094 3226
3 136 980 2469
5 500 1000 1042 2504 2752
2 29 815
4 691 1055 3621 3894
5 2274 3115 3293 3500 3515
4 80 1052 2501 3458
1 1182
2 1452 2154
2 1925 2908
1 2610
1 1626
3 32 2920 3763
1 782
3 2191 2293 3384
2 1329 3790
1 1325
1 2978
2 1998 3228
4 576 1276 1480 3346
6 105 521 1844 1910 2550 3743
1 2419
1 1670
2 1512 1874
4 653 2101 2580 3362
3 503 2888 3356
3 77 2664 3276
6 370 827 1312 1547 1829 2980
5 1081 1110 2609 2897 3820
4 12 970 2369 3509
3 727 823 1174
2 1567 2806
3 1594 1936 3999
3 933 2299 3980
3 2490 3551 3896
4 251 1884 1910 2606
1 3230
4 1735 2154 2435 3816
2 1322 3724
2 1482 2292
2 898 1619
4 2221 2472 3037 3061
1 2121
3 2280 2418 3099
4 76 2265 2294 2517
1 2258
2 1893 3141
3 452 1555 1624
2 1334 3329
2 1450 2397
3 1280 1791 2972
0
4 0 1132 2991 3445
2 1219 3818
3 247 1458 1950
1 2254
1 2025
2 456 1153
2 1814 3456
2 598 836
2 1653 2584
4 618 1124 1941 2576
1 3783
2 904 3528
2 3543 3876
3 145 824 3630
3 1039 1766 3531
5 509 1302 1455 1506 3120
1 3495
3 1572 2697 3368
3 1270 1567 3161
3 470 1441 3657
1 3980
2 1156 3723
2 2464 3801
2 272 2757
3 2264 3508 3640
1 3894
2 200 858
2 683 2683
1 549
3 1961 3102 3758
4 1757 2155 2823 3432
2 1765 3801
2 480 3352
2 944 2258
2 624 726
2 1040 2773
1 1236
3 267 1560 3406
2 1719 3191
2 181 1879
4 318 631 1602 2311
3 2238 3521 3570
3 555 2632 3810
2 2734 3091
1 1579
2 2335 3752
3 3163 3704 3753
4 1174 1568 2740 3078
3 775 2669 3087
6 146 1517 2590 2616 3242 3399
3 77 3790 3802
3 690 1929 1974
1 1000
4 1210 1435 1651 2255
3 890 902 3099
2 568 3453
4 221 536 2313 2321
3 470 831 1636
2 1125 3137
1 3549
4 171 667 825 3076
2 86 1820
2 572 3675
3 1037 1702 2461
2 652 2973
5 783 1024 3023 3086 3764
3 506 2075 2314
0
6 553 882 1434 2169 3128 3383
3 789 2830 3441
2 360 3515
1 778
3 1479 3521 3929
2 387 2267
2 793 888
2 1707 2703
2 2765 3239
1 362
2 573 2760
1 19
3 1689 2018 2750
2 2640 3947
3 1805 2571 3715
2 2290 2655
4 295 854 2462 3583
1 402
1 638
1 1643
3 832 2989 3847
3 1173 1448 3361
0
1 3158
3 996 3058 3225
1 689
2 2843 3549
2 1247 3993
2 339 3899
1 1783
2 180 3630
1 1856
1 3585
1 178
4 1615 1850 2590 2952
2 237 1923
3 983 2630 3930
2 2523 3737
2 495 3984
5 654 822 1925 3672 3822
4 1387 2572 3842 3855
4 825 1554 2288 2906
5 890 1104 2358 3471 3926
2 459 3891
2 1221 3973
3 965 1455 3385
3 437 1399 3082
1 1180
2 479 3716
3 15 2133 2500
4 901 2306 3307 3443
2 1298 3782
4 631 2717 3632 3981
1 3001
1 2757
3 997 3289 3469
3 1284 1361 3789
2 251 2541
4 350 580 1106 1373
2 865 3601
2 1171 3414
2 933 3614
4 829 1866 3673 3909
2 752 1197
3 617 1887 3285
3 498 1341 1580
4 1190 2543 2547 3727
2 357 2499
3 3138 3172 3546
3 54 949 1255
3 1063 1801 3961
5 976 1559 1790 3189 3578
7 65 794 1251 1412 2519 2800 3414
4 110 1307 1684 3885
2 2024 3463
2 250 3840
4 2255 2503 2847 3800
4 496 626 3896 3929
3 459 840 1839
1 677
3 594 2341 2385
2 2822 3329
1 2255
3 242 500 753
1 351
3 924 1990 3364
3 27 434 3180
2 2283 3451
4 114 708 1831 3221
2 2479 3324
1 3327
4 1512 1693 2991 3536
4 1524 3815 3879 3909
2 1033 3278
4 353 665 2296 2774
3 814 2971 3623
3 352 2447 3365
4 140 513 2857 3151
4 860 1152 2896 3626
2 724 1289
1 1402
4 988 1520 3091 3608
3 942 3548 3575
1 3159
6 329 991 1101 1961 2094 3548
1 2769
2 1419 3694
2 617 2572
3 831 2597 2765
3 1006 2677 3917
2 2213 3137
3 1517 2105 3783
2 1748 2194
1 3191
5 557 2607 2609 2894 3191
1 1894
4 1577 2115 2531 2934
3 1699 1737 3034
1 3425
2 3715 3920
5 984 1456 2888 3001 3094
1 2606
1 3336
3 341 626 1355
5 2515 3108 3350 3394 3868
2 1684 3913
2 12 588
5 1021 1051 1729 3670 3861
2 1094 2939
2 1205 1614
2 1188 2904
2 1270 1344
2 288 2996
1 2915
1 1029
5 61 433 831 2453 3797
0
1 77
3 169 1807 3959
2 2225 3262
1 2407
4 1511 2993 3338 3404
4 450 1112 1926 3508
3 169 3308 3459
2 287 2649
1 2971
2 885 3037
2 978 2019
3 1774 3045 3478
4 1889 2443 2566 3011
1 880
4 1761 2850 3591 3937
2 2213 3044
2 1142 1956
2 22 872
4 363 603 3022 3445
1 2551
0
1 1666
2 1809 2287
3 2925 2963 3165
1 840
1 1334
2 3701 3885
2 656 2361
5 1738 1861 2108 2634 3154
2 487 657
1 3552
2 310 635
3 1709 2074 2866
1 1759
2 2401 3405
2 896 1244
4 195 2220 2929 3852
3 944 2425 3439
2 862 883
3 198 1516 2508
4 150 1119 3177 3640
0
3 1494 2539 3824
1 544
3 206 2345 3516
3 584 3525 3566
3 685 3711 3882
3 536 1629 2026
2 2682 2929
1 3359
2 587 1618
3 774 1119 1926
4 882 1433 3050 3593
2 1408 1448
5 1392 1750 2514 2517 3592
2 32 3655
1 558
1 255
2 1204 2570
2 712 3338
2 1308 2160
1 568
4 1213 2816 3372 3500
2 2434 2695
5 481 859 1642 2682 3219
4 1983 2154 3511 3752
3 2434 3199 3733
1 1094
4 177 1140 1750 1935
3 1902 3233 3547
2 1252 3447
1 3305
3 2171 3242 3260
4 1498 1727 2721 3823
4 965 1807 1826 2453
6 414 647 1022 1512 2619 3186
2 3419 3840
2 2015 2057
2 2826 3801
4 14 2455 2841 3955
5 1230 2043 2785 2933 3723
3 685 825 3249
1 3397
1 294
2 3411 3532
2 2328 3218
3 926 2523 2998
4 1528 1593 1680 3056
2 601 892
1 1922
5 207 273 2315 3849 3997
5 846 1023 2294 2560 3966
2 611 3395
3 43 2654 2873
1 1242
2 1590 3637
1 120
2 454 3063
2 171 827
1 2212
1 3911
2 3130 3544
3 1089 1532 2192
1 3951
1 891
1 1868
2 1870 3273
6 959 1655 1849 2134 2991 3084
2 3640 3690
2 185 3145
8 246 729 818 1424 2178 2645 2849 3811
3 1031 1637 2123
3 39 1131 3331
4 1814 2109 2881 3206
1 2081
4 476 1338 1620 3864
2 390 1322
1 1239
2 3116 3473
1 2755
1 3446
3 923 1769 3158
6 440 878 924 1389 2187 2494
4 358 2055 3388 3795
2 431 2788
2 148 2888
3 1514 2522 2745
1 1531
3 711 926 2988
3 306 937 2608
2 3224 3992
2 1304 1819
5 1063 1299 1594 1623 3028
4 1339 3223 3864 3897
1 254
3 463 657 3724
2 1388 3734
1 3997
4 598 709 871 3646
2 1922 3795
4 230 1750 3080 3474
3 496 922 1710
1 1778
4 144 2025 2466 3024
2 419 2962
1 1967
2 3768 3829
1 951
5 521 2922 2945 3610 3987
2 494 739
4 1551 1853 2231 3527
2 1661 3413
2 277 527
2 326 1814
5 481 491 2840 3044 3351
1 1448
2 450 3829
3 1332 1926 3220
1 3293
1 3048
2 748 1650
2 2054 2258
5 170 1356 1693 1903 2644
4 1188 1777 3263 3932
3 788 2812 3906
4 430 962 2914 3729
3 519 520 657
2 1525 1991
2 747 3422
4 1639 2573 2607 3965
4 423 780 1925 2777
1 435
3 209 1164 2098
4 399 1631 2026 2791
2 45 68
2 503 3149
3 2343 2358 3076
2 808 2558
4 1832 2099 2474 3542
1 3053
7 219 812 965 1141 2499 3510 3860
4 2124 3016 3117 3946
3 1102 1203 2369
2 3001 3482
1 1242
3 174 2730 2827
3 335 2816 3412
2 2684 3714
1 1695
1 2129
4 136 243 2463 2857
1 1178
3 1906 2467 3051
4 429 2367 2443 2859
5 123 156 565 1882 2195
2 3094 3416
2 2516 3426
3 685 727 2582
4 36 561 594 2622
2 982 3024
3 956 1330 3761
4 510 758 1798 3882
3 1306 1927 2708
3 747 3645 3766
2 2864 3202
3 1551 3378 3943
3 727 1737 3457
3 1749 3157 3181
3 67 1279 2224
3 2043 2282 2703
2 1466 3064
6 1034 1211 2498 2691 3363 3978
2 648 2868
3 440 2162 3729
3 64 1826 3094
3 22 1024 2934
2 1274 3098
3 1527 2746 3228
1 891
1 3567
3 581 706 3388
1 949
1 2115
5 292 486 2775 3706 3829
2 1109 3474
1 788
2 1940 2495
2 1182 3714
1 497
1 3095
1 3980
2 354 2116
2 1178 2906
4 18 1094 2603 3837
5 309 316 874 977 1747
2 808 2022
1 1831
2 1727 3927
3 258 2803 3769
5 188 1579 2017 2407 2501
4 527 852 2122 2928
1 1849
4 581 767 1179 1926
3 2470 2490 2903
3 567 2359 3659
3 1096 1110 1625
1 2087
3 527 1710 2476
4 1591 2821 3316 3615
3 1454 1493 1896
1 3389
3 1268 1629 3872
4 1449 1522 1596 3152
3 559 2430 2618
2 1552 3028
4 815 2965 3071 3473
1 3108
1 2963
5 293 558 1437 2477 3151
2 2608 3490
3 332 994 3068
5 212 2688 2695 2739 3827
1 1169
1 2538
2 734 3138
4 1284 1683 1725 3291
1 3605
4 716 2660 2812 3346
1 1564
2 1455 2580
3 887 1126 1603
4 996 1576 3505 3892
2 146 2622
7 1453 1605 2148 3224 3225 3637 3829
1 996
3 1948 2982 3283
2 31 2818
1 2054
1 108
5 1455 1772 2107 3925 3977
3 1855 3148 3199
3 380 1743 2172
2 1947 2170
1 2170
1 1390
4 39 659 3455 3753
2 1328 2798
1 1113
3 1606 2613 2802
1 449
3 238 1058 1351
2 430 3132
4 883 2809 2883 3890
4 329 998 1084 2415
4 19 1836 2714 3773
1 3594
2 6 3427
3 764 1655 1895
2 1962 2517
2 404 1419
2 2630 3675
2 2450 2662
3 13 2794 3535
3 1054 3366 3369
3 1415 1877 3145
7 52 1287 1446 1588 2562 2926 3741
2 2150 2643
2 472 992
2 2442 2749
1 3589
2 1059 3359
1 2123
0
4 68 895 1241 2993
1 947
6 2473 2735 3380 3462 3934 3989
1 3419
2 52 3435
4 501 1069 2625 3769
6 196 311 864 3017 3183 3901
2 859 2323
1 3679
4 1411 1541 2129 3049
1 3321
4 1279 1402 1817 2773
3 350 1464 1611
3 190 971 3354
2 1483 2518
3 241 3203 3304
2 38 2490
3 1280 2458 3767
3 2929 3272 3449
4 220 830 842 874
2 688 1418
4 387 447 1058 3790
3 1993 2187 2920
2 300 2451
2 1030 3617
2 181 2782
3 1316 1360 3237
1 329
2 436 3973
2 66 2421
1 522
4 474 1081 2180 3842
2 411 1743
3 1187 2138 3669
1 1584
1 2729
4 378 924 3281 3826
4 342 1596 3389 3439
5 81 486 925 2381 3701
1 2627
2 2859 3658
1 1177
2 1624 3705
5 457 1210 2153 2255 3454
1 3045
6 536 1048 2071 2416 2838 2928
4 350 2730 2769 3627
1 1762
2 2530 2767
1 1634
2 1666 2219
1 2428
2 809 2485
3 586 781 3981
2 46 2484
4 1051 1463 2695 2762
4 351 1476 1765 1961
2 1199 2143
5 531 2493 2664 3057 3086
2 3323 3781
2 39 349
2 9 559
3 766 2212 2542
3 1215 1272 1680
0
1 2947
1 2945
3 72 2808 3402
2 1792 3241
1 3893
3 3242 3499 3930
4 440 1755 1970 2466
1 3093
1 1155
1 3255
1 1883
2 1142 3686
1 719
3 526 1415 2058
1 266
3 1375 1583 2226
3 1972 2609 3022
1 2730
4 582 1012 2459 3029
2 411 3325
4 336 2103 3134 3749
3 2093 2855 3905
5 303 318 585 2230 2946
2 352 3030
3 22 673 3576
1 847
2 594 1751
2 2470 3827
6 253 591 1964 2013 2526 3340
2 2385 3039
5 718 732 1152 1624 3679
2 2768 3531
2 1183 2828
3 1105 1233 3487
1 1712
3 79 1831 1956
3 1483 3083 3258
3 841 1183 2308
4 641 832 2472 2791
4 437 3171 3650 3848
2 972 2930
3 134 2422 2470
1 1043
3 1132 1302 1868
2 252 3756
4 1028 2245 2659 3153
3 48 2046 3141
4 280 561 840 2995
1 3910
1 423
3 1678 3224 3791
2 461 1815
1 1080
4 362 670 2843 3145
3 380 1931 3523
3 103 1750 3941
4 111 270 798 2400
2 314 1665
7 1419 1674 1944 2207 3406 3778 3936
1 3122
2 3244 3890
3 143 1680 1795
1 2156
3 859 2365 2647
3 261 2233 3534
2 1133 1854
4 413 1019 1434 3631
2 321 3303
4 404 554 2076 3508
4 778 1524 3045 3912
1 2908
0
2 1201 1963
3 1346 2476 2953
2 1756 2920
2 623 2139
2 1378 1660
3 791 1220 2062
2 1322 2738
4 627 1203 1273 1543
1 1340
1 2820
4 1715 1782 2260 3411
1 1886
3 716 2172 2216
3 763 841 3192
3 520 1296 2635
1 2713
2 1840 2136
3 1117 1432 1738
2 502 2746
2 34 3712
1 3975
3 167 3407 3951
5 1075 1140 1395 1517 1786
3 236 3767 3907
3 991 1782 1840
2 2649 2750
2 2534 3544
4 299 825 2653 3987
2 1012 1365
2 783 2659
1 1368
2 864 1122
3 501 2541 3781
2 2652 3931
3 645 1814 3882
3 1281 1666 1818
5 933 976 1513 1813 1831
2 3032 3981
3 812 2991 3033
2 1026 1161
5 748 1148 2382 3017 3941
2 1622 2505
2 1444 1936
3 641 1024 1455
2 739 1990
3 1839 3436 3778
2 1064 1677
1 3931
3 1047 1948 2500
2 2987 3161
6 769 807 1720 3085 3475 3518
2 47 1819
3 760 2024 2868
2 964 3749
3 999 2545 3710
3 1277 2495 3978
1 3352
5 422 1575 1584 3207 3573
4 722 1136 2142 2858
3 446 2151 3293
3 546 2605 2962
4 214 441 2460 2898
3 1275 1895 3498
1 2919
4 522 651 2287 3879
5 1372 1473 2694 3042 3609
4 889 2492 3468 3759
4 841 2598 2931 3040
2 273 755
3 325 1798 1812
1 1773
2 415 1346
4 446 1935 2366 3482
4 276 2280 2435 2818
1 1144
2 2801 2978
1 662
4 2186 2389 2560 3333
6 347 688 810 1327 2245 3118
2 3300 3677
5 528 883 1140 1153 3892
2 2438 3929
3 17 1428 2565
5 145 1300 1747 3904 3975
2 2444 3924
2 1774 1982
3 790 882 2092
2 912 1263
1 1527
1 1429
3 124 2550 3571
2 3801 3856
2 1297 3440
5 333 1061 2191 2670 2678
3 1535 2293 2624
1 958
1 16
1 2417
1 2594
1 1106
6 1264 2375 2904 3073 3261 3459
3 482 1676 1812
2 1450 2201
2 2933 3160
2 869 3795
1 2871
5 1034 1750 2712 2810 2945
1 2350
3 1119 2729 3336
5 1547 2154 2700 3017 3494
2 207 3727
3 1600 3099 3947
3 548 2190 2197
1 2672
3 94 694 2849
3 438 3085 3512
6 195 441 561 569 1066 3878
2 3149 3209
3 784 1102 2342
4 963 1522 3426 3741
2 566 601
4 902 1773 3404 3563
3 1 760 1120
1 3033
2 186 3571
3 1071 1531 3667
3 370 942 3640
2 274 2859
4 147 1359 1953 3392
4 2819 3769 3772 3975
1 1780
2 1281 3195
4 371 1069 1910 2137
2 581 2201
1 1640
2 3142 3433
1 3975
2 2343 3518
2 493 1928
3 182 204 359
2 1076 2507
3 1594 1711 2301
4 1575 2576 3389 3949
3 284 600 1970
5 1561 2180 2569 3095 3237
4 525 2107 2324 3572
3 666 1414 3235
2 1205 1355
2 747 1119
2 750 3641
5 150 284 752 785 1515
3 869 2731 2934
1 2363
2 221 1609
5 1401 2096 2434 2739 3925
2 1451 3379
1 3960
5 156 349 1037 3401 3707
3 1012 1446 2909
4 570 1368 2070 3288
3 707 2135 3546
1 1058
2 622 2367
3 86 1424 2736
1 2748
0
3 2613 2960 3407
1 3553
2 322 412
2 566 2293
2 1332 2100
1 556
5 371 1086 1246 1827 2615
1 2103
6 530 639 1207 1593 1962 2215
2 357 1134
1 2025
1 2129
3 277 589 2452
2 159 1811
4 1352 1549 1767 2474
4 149 570 2184 2465
3 1758 2297 3703
5 747 1568 1612 1674 2460
4 189 601 1321 2623
1 25
1 944
1 732
5 969 1681 2532 2642 3156
5 1414 1722 2761 2789 3181
3 349 1107 1299
1 2882
2 909 3061
2 517 687
2 1084 2659
2 2661 3435
7 332 574 1772 2564 3396 3478 3642
3 786 1055 3933
2 277 3075
4 2160 2181 2763 3217
1 3058
1 2150
3 1370 1944 3161
3 339 1130 3426
3 585 2555 3192
3 1395 3033 3190
5 566 2020 2571 2584 3960
3 2847 3421 3827
3 2794 2817 3795
1 3231
2 1934 2575
1 3086
1 2034
2 491 1669
1 547
2 1431 1893
1 1510
3 517 1050 2490
1 1824
2 1246 2397
2 1862 3551
1 2317
7 412 619 789 1731 2431 2443 2788
3 831 2253 2669
5 632 754 840 1624 2328
2 505 2801
5 912 925 2119 2204 2848
5 422 1323 1543 1704 1908
2 193 412
1 2500
4 672 1696 2234 3993
2 1965 2031
1 1900
3 857 1069 3941
4 764 1798 2107 3933
1 3992
2 65 3220
1 2994
2 3060 3580
0
4 1701 1751 2852 3558
2 410 1492
1 2765
2 524 1887
2 2404 3730
2 1574 2589
5 462 1152 2356 2982 3404
2 2700 2750
1 1390
2 581 1966
3 19 2251 2661
4 946 1168 2220 2611
6 319 763 1927 1955 3204 3981
3 313 2307 2543
3 1389 2808 3228
2 1480 2921
1 1174
1 1018
4 401 646 2220 3017
3 788 897 2844
3 81 2444 2519
2 1560 1871
2 1157 3835
3 574 2582 3941
1 2862
2 2646 2706
4 1049 2083 2628 2743
4 58 870 1130 1507
2 1481 2558
2 2983 3667
2 357 2266
1 3320
2 54 2856
4 1783 3064 3662 3669
2 267 2120
3 1187 2506 2941
1 2841
2 1213 2928
1 2429
2 2349 2444
1 300
2 1046 1568
0
2 548 2095
4 1687 2005 2018 2259
1 1156
2 2796 3219
1 3814
3 1631 2259 3461
1 1047
3 164 781 3800
1 1530
2 414 2609
1 1916
2 1958 2261
2 3851 3936
2 242 2576
4 691 930 3646 3769
0
3 63 783 2291
4 2716 3028 3272 3546
3 934 1667 2307
2 1398 2386
4 305 1105 2769 3395
1 1683
4 1001 2631 3524 3848
4 1831 2119 2422 2837
1 3596
4 840 1100 1889 2924
2 897 1709
4 236 349 521 1073
1 148
0
1 375
0
5 657 1564 2093 2725 3731
3 133 480 3675
2 316 1478
3 641 916 2785
3 810 1874 3357
1 2263
4 1120 2711 3057 3645
3 876 2030 2089
3 69 630 3454
1 2766
3 352 502 2700
3 1737 1882 3134
2 2413 2660
2 1668 3813
2 2336 3425
4 1390 1471 1782 2653
2 1214 1886
2 592 2089
2 1585 3441
4 150 1407 1876 3236
1 1345
2 1458 3205
2 587 1852
3 643 756 3854
3 1020 1556 2129
4 507 2127 2208 2404
2 849 2161
1 73
2 3233 3474
1 3825
2 390 956
4 698 1886 2460 2898
2 2168 3657
2 2347 2895
4 153 670 2564 3833
1 1457
2 358 2812
3 255 2078 2921
6 470 1666 2078 3394 3568 3974
3 1036 2749 3498
3 1977 2250 2554
3 605 951 3795
3 257 951 3768
1 2704
1 3157
2 1313 1407
3 2221 2968 3695
2 819 1761
5 16 392 971 1735 2259
3 2047 2285 3157
2 1398 3639
3 1286 1870 2160
3 2200 3189 3284
2 35 1133
2 2501 3167
4 557 1183 1376 3663
0
2 2061 3018
3 3112 3612 3635
3 1087 2680 3672
5 1748 2237 3309 3471 3480
1 2088
3 2395 2873 3979
4 1674 1727 2884 3310
2 772 1496
2 1146 1887
4 168 1526 2206 2444
2 1025 3300
2 127 682
1 1436
2 1292 3576
2 3153 3536
4 94 498 2247 2263
1 3065
2 803 1030
1 3550
1 3663
2 2419 3458
1 3988
3 750 2880 3444
2 768 930
1 3510
2 688 3860
2 697 3765
0
2 575 3423
2 568 2665
3 793 2643 3854
3 246 451 2823
3 450 926 2516
3 801 1678 2802
5 300 705 842 2117 2491
2 1006 3817
1 2086
1 2092
2 3200 3928
1 628
2 22 1307
1 463
2 3224 3481
3 349 699 778
1 122
4 1156 1482 2202 2314
1 1715
3 2201 2797 2882
2 611 3720
3 1485 1797 2091
4 455 1192 2097 3912
3 33 3453 3673
4 1469 2393 3444 3868
4 321 408 2418 3736
6 253 1163 1653 1688 2012 2350
4 387 402 2507 3934
2 3047 3359
5 58 192 384 1526 2912
2 358 1899
4 637 767 1185 2798
3 601 1292 2579
3 1234 2693 3724
2 975 2771
3 770 3051 3853
4 448 895 1049 2541
7 318 852 1562 1812 2815 3261 3331
2 507 1810
1 3126
1 2653
1 3607
2 303 3763
1 3786
3 308 2250 2930
6 825 1039 2610 2788 2906 3768
2 914 2397
1 2451
2 2354 3235
5 1514 1729 1902 1994 3163
2 103 3578
2 269 819
2 649 1426
1 2293
2 979 2232
2 292 3398
5 1860 3144 3326 3506 3677
2 35 3585
3 490 2491 3106
3 795 1868 3702
3 990 2111 3237
2 1517 3783
2 1141 3276
4 50 461 2087 2644
1 3797
3 1219 2597 3441
5 512 755 1890 2269 3957
2 1674 3571
2 740 3856
7 86 563 794 1775 2178 2497 3360
1 1345
3 463 894 1149
2 3575 3827
2 413 3952
1 2629
2 1500 3092
1 3096
1 2743
2 204 517
1 3460
3 953 1419 1770
3 979 1516 2011
3 1161 1614 2920
4 153 297 655 1574
1 1010
2 1249 2754
1 2417
4 1291 1580 2137 3863
3 1205 1221 3417
1 1365
4 763 2322 3291 3923
2 559 2998
5 1949 2042 2506 2697 3370
4 1101 1566 2377 2550
1 544
3 675 2036 3047
1 3810
1 847
1 901
1 1967
3 54 248 1161
3 2972 3249 3457
3 47 336 790
2 758 2456
1 3720
3 539 2556 3182
4 20 865 2490 2661
2 1352 2396
3 823 1013 2633
2 161 426
2 1352 3533
3 267 1126 3550
1 3815
1 1065
4 251 1199 1293 2396
1 2922
1 13
3 1989 2525 2566
6 338 436 497 561 1807 1968
2 674 2373
4 539 1744 1789 1827
4 62 1281 2351 3493
2 657 722
2 38 2939
4 334 1036 2584 3711
4 26 103 217 3786
2 870 1353
4 1075 1137 3086 3140
3 1027 3159 3896
2 791 1079
3 0 220 1632
4 133 362 684 3806
4 30 44 205 2946
5 1643 1874 2282 2908 3610
1 3336
4 764 1882 2022 3199
1 1343
1 1872
2 868 1744
4 601 1747 1766 2834
2 1302 2801
1 1847
1 2305
5 712 1120 1259 2724 3115
4 83 854 1561 3630
3 1443 3815 3914
3 1420 2693 3136
2 1871 2880
3 174 1083 1484
4 71 671 914 2970
6 460 693 1754 2338 2433 2692
2 856 1603
5 145 321 1098 1452 1682
4 1042 1277 3021 3643
2 1967 2172
2 2671 3096
2 800 1021
3 856 1664 2583
5 556 847 2959 3005 3688
3 1255 1261 1716
3 353 3544 3785
4 349 686 1257 1303
1 1680
3 392 2721 3859
2 410 2249
1 1311
2 1453 1876
3 483 1211 1805
3 80 2696 3249
2 1075 1377
3 1571 2003 3351
4 711 2288 2413 2417
1 3884
2 1274 2645
1 2231
3 3007 3113 3911
1 60
3 587 1766 3364
2 3225 3828
3 62 1642 2536
2 2577 2833
2 468 3711
1 1222
3 359 395 2007
2 223 1219
5 2433 2960 3050 3656 3957
3 1511 2923 3901
2 318 3934
2 477 1030
3 1641 3710 3781
2 1019 2700
2 690 1476
4 737 1513 1929 2414
1 17
2 539 2149
3 1306 1459 2030
2 551 1729
1 2724
2 2437 3778
2 1903 3953
2 1885 3279
3 1383 2608 3071
4 579 644 3016 3837
2 255 1120
1 2185
2 657 3476
2 1256 2212
5 450 835 1025 1104 3646
2 191 1268
4 316 1063 1140 3431
2 2632 3268
1 1104
4 274 287 1936 2099
1 2043
5 162 2236 2444 2519 3580
2 47 1152
5 1628 2591 2973 3113 3441
1 3018
2 1541 2383
1 2759
1 523
3 3481 3800 3845
4 194 702 2735 3539
3 2295 2580 3881
1 3063
1 992
1 3211
2 1136 1880
4 1924 2044 2413 3918
4 339 413 2996 3379
1 3826
3 1201 1634 2474
2 3 308
2 978 3148
4 822 2138 2498 2979
0
3 19 1891 2358
5 549 863 1661 2793 3065
3 26 1792 3488
3 129 921 3473
1 2737
2 3232 3589
3 208 2032 3900
4 1043 3318 3515 3531
1 1782
1 1117
3 527 3124 3410
3 1105 1899 2957
3 1662 2605 3836
1 1280
1 1513
1 3987
6 817 1209 2315 2349 2835 3470
1 2960
2 2040 2368
2 774 3165
5 1127 1653 2162 3380 3836
6 184 398 941 1151 2603 2653
5 537 741 912 1440 1482
5 351 641 2231 3044 3726
3 1104 1345 2705
5 154 461 1083 1364 3157
2 390 1190
2 2467 3024
2 1020 2950
3 328 1325 2463
2 211 3612
3 362 3831 3911
1 1865
3 501 2839 2950
4 375 1778 3254 3424
1 2868
2 2996 3795
2 998 1276
2 2001 2087
1 2131
1 12
1 1914
1 3033
2 338 3081
1 1090
2 590 2926
3 10 814 3331
5 1011 1066 1130 1588 1816
3 2947 3610 3921
0
4 356 2326 3296 3819
2 1152 3758
2 459 1061
1 807
3 962 2011 3493
1 2341
5 1056 1192 1426 2279 2934
1 1640
6 36 289 455 928 1747 3235
4 712 1565 1774 2051
4 698 1031 1419 2509
3 146 1808 3879
1 3508
4 101 687 2840 3449
3 1461 2893 3457
1 92
1 3196
2 1080 2449
4 31 1323 1686 3290
5 601 964 1187 1966 3578
2 1279 2264
4 1480 3235 3717 3882
3 254 1471 3688
2 1562 2012
1 2497
1 3131
2 380 3053
3 207 428 3449
1 2883
2 37 398
4 2017 3551 3695 3845
2 2850 3471
4 1130 1710 2084 2895
2 2643 2700
1 2817
4 123 1839 2835 2852
6 263 371 2020 2562 2984 3751
2 944 2671
3 2418 2750 3142
1 2187
4 297 1447 1649 2743
1 1639
3 1124 2020 3369
1 1777
2 1442 1506
3 1335 1627 2134
1 760
2 229 846
4 14 2115 2562 2570
6 778 1423 1614 1655 1685 2588
2 1818 3315
2 60 849
3 18 1203 3044
1 3322
1 2412
2 2124 3229
5 1 1071 2097 2589 3228
4 1221 2228 2694 3529
1 2595
3 1330 2895 3620
3 49 2680 3054
3 3130 3279 3868
2 1391 3336
2 126 956
3 156 350 1832
4 2248 2410 2647 3924
4 625 2311 3442 3484
2 1990 3091
5 898 2212 3376 3703 3934
3 8 677 1650
2 677 1329
4 1164 2025 2461 3576
6 1096 1115 1361 2117 2245 2278
3 87 787 2044
4 737 1703 2727 2805
2 724 3332
4 1608 1900 3175 3799
3 621 2712 2903
2 2475 3506
4 418 2374 3457 3857
2 1040 2523
4 1041 1474 3443 3717
2 1574 3527
2 2104 3200
1 1275
1 3879
3 1518 1559 1846
2 47 762
2 917 928
2 1463 1830
2 480 1767
5 1379 1432 2933 3527 3600
5 1093 1185 1241 1462 2905
2 1509 3435
5 2341 2568 2833 3325 3786
3 890 2565 3973
5 307 1600 2862 3731 3962
2 1723 2967
2 296 2630
2 934 3935
2 2140 3276
3 22 2773 3077
5 393 471 1558 2972 2993
2 23 1902
4 644 954 1359 3683
4 331 989 2178 3796
7 671 734 1657 1728 2916 3640 3727
1 1456
2 1784 2049
3 1216 2097 3417
2 1000 3071
4 164 1577 1608 2091
1 2794
1 3176
2 1401 3750
5 318 349 567 1929 2404
2 1049 1739
2 166 1045
2 1174 2550
1 1092
6 782 2381 2445 2543 3554 3562
5 422 1645 1762 2819 3011
1 2151
1 1716
1 1838
2 925 1542
1 1237
1 3090
4 363 2150 2173 3061
4 771 1019 1272 3604
3 370 398 2184
4 527 1493 1523 2349
4 545 1486 2513 3265
4 519 1275 3091 3249
3 435 1767 2530
4 57 972 3010 3707
3 759 2070 2366
2 2553 3176
3 985 3188 3705
3 2258 2806 2950
1 447
1 928
3 2190 3092 3256
3 1553 1981 2203
3 1632 3400 3748
2 188 561
3 1606 1796 3012
2 156 2981
2 701 3831
3 68 261 1808
2 512 3638
2 1591 3598
3 1273 2923 3837
1 2896
2 2208 3441
0
3 251 2333 3040
3 1166 2800 3480
4 2020 2131 3149 3727
2 276 1332
1 2097
1 3724
2 2563 3750
3 1834 2573 3069
1 298
4 743 2373 2958 3778
2 716 2633
2 955 1606
5 241 1227 2848 3373 3683
3 276 1572 1669
2 2125 3131
3 1122 1444 1777
2 2946 3212
2 1814 2775
1 1684
1 1517
2 1046 1312
2 1525 3669
2 2404 3503
4 205 620 3229 3796
2 293 1118
3 528 3263 3476
3 1664 2640 2789
2 1383 2677
1 120
3 293 401 3537
4 1121 2382 2573 3704
7 568 1744 1941 2206 2444 2479 3860
2 216 1441
4 366 493 1414 3945
3 3196 3451 3844
3 812 3099 3589
2 6 2947
1 2097
2 2305 3200
1 397
2 3127 3692
1 2806
2 2360 2759
2 2607 2639
3 2048 3255 3654
4 210 1074 2936 3588
4 558 1668 3133 3318
4 359 2864 3249 3822
1 747
5 2021 2267 2489 3039 3523
2 1966 3885
2 1040 3984
1 1282
3 3224 3241 3858
2 402 3701
3 1637 2129 3951
2 1262 2522
2 1853 2162
2 1084 1515
1 585
2 3182 3745
1 1442
2 1920 3514
3 67 2087 3315
2 1079 3946
6 172 236 641 771 3005 3626
2 1130 1708
2 2394 3617
3 101 115 641
4 504 1429 2000 2696
2 3381 3747
1 2014
2 3389 3750
1 3254
3 2489 2870 3268
1 355
1 2414
2 1682 2378
1 3373
2 906 1355
1 2835
2 2232 3715
3 712 852 2058
3 1128 1723 3813
3 66 620 3493
2 2722 2892
2 1054 2907
1 1014
2 663 2356
3 240 2014 3612
3 2717 3007 3063
4 226 1367 2625 2873
1 956
1 1787
0
3 216 3570 3766
2 2783 3489
1 3621
1 419
3 437 3172 3318
3 1677 2295 3231
3 1135 2152 3220
2 352 1694
3 293 775 1906
2 2258 3321
2 402 2838
2 420 2920
4 723 3085 3308 3991
3 1067 2330 3282
3 1008 2103 3140
4 607 660 2509 3502
1 2213
2 1504 1736
3 506 805 1325
2 1878 3051
4 1494 1873 2888 3666
5 1117 1584 2552 2974 3513
5 990 1839 2023 3793 3900
2 1535 2258
6 672 2092 2384 2488 2603 3604
2 626 3934
4 976 1949 3029 3816
3 1811 1923 3187
3 945 3822 3823
1 1684
2 1480 1523
4 55 1122 1717 2841
2 2602 2729
3 2829 2960 3174
4 2125 2870 3177 3564
4 1747 1776 2392 2798
1 2102
1 2651
5 818 1625 2165 2505 3058
2 929 2570
2 2056 2841
2 1306 3585
3 1419 1578 1857
2 2719 3072
1 502
3 2381 2819 3092
3 2969 3713 3840
1 3204
3 1275 2637 3479
2 1399 3157
2 1550 2486
4 322 1431 1664 2159
3 13 220 3369
3 1436 2930 3432
3 165 2363 2544
2 264 1085
1 1030
1 534
4 3513 3547 3859 3916
4 357 732 2654 3248
4 1513 1655 3230 3690
2 2481 3356
1 964
1 3383
1 580
2 803 2461
1 1613
3 241 633 1188
3 1806 2495 2884
2 147 2226
3 604 2382 2925
2 1896 3272
2 240 2391
1 1295
6 421 1549 2207 2944 3046 3210
5 964 1143 2305 2482 2872
3 150 1537 2097
3 430 1374 3057
3 156 1637 2726
3 2177 2919 3301
3 1002 1024 3168
2 3274 3340
3 100 2300 3412
2 653 2175
2 1929 3088
1 3798
1 3535
2 2503 2633
3 1032 1493 3212
2 2523 2782
4 1216 1635 1797 2956
2 783 2152
4 195 1017 1423 3967
2 594 2504
1 2687
2 1210 2767
2 2358 3126
2 2796 2907
2 2646 2929
4 558 682 975 1601
5 930 1400 3606 3610 3705
3 469 639 3613
1 1830
6 337 1175 1542 2069 2450 3596
1 3592
4 14 455 1740 2170
3 1425 1456 3577
3 1047 1355 2994
2 3200 3738
4 862 992 3174 3884
3 861 966 1600
2 3160 3291
2 22 2383
3 2572 2775 3099
2 945 3535
2 622 3437
1 34
3 1799 2517 3589
2 219 1156
2 1060 2319
1 2398
1 3066
4 1061 2567 2608 3557
2 2594 3696
2 453 3067
2 2701 3465
2 352 1517
2 62 78
2 835 1152
3 781 2152 2431
3 1774 1820 2664
6 287 1321 2374 2730 3548 3932
2 2644 3313
2 2286 3942
4 2244 2743 2780 3165
1 957
1 3147
1 1856
1 2317
4 194 1561 2984 3224
3 802 994 1561
2 577 3834
2 2033 3806
1 3124
1 1946
2 757 2143
4 517 591 1791 2530
3 622 1366 2076
3 339 354 2633
4 142 733 2256 3050
4 1037 1175 2547 2923
2 633 3770
1 1037
2 1402 2083
4 1164 1946 2582 3235
1 534
3 794 2020 2595
4 182 1680 2744 2998
3 20 3459 3593
4 235 784 1620 3961
2 1373 2398
0
2 430 1584
3 753 979 1413
2 611 3786
2 2895 3866
2 184 1738
2 2902 3114
0
2 828 1473
2 476 1488
1 1407
2 1856 3250
1 1872
1 3280
4 784 1186 1333 1995
2 1213 3432
2 1602 2449
3 1669 3492 3686
1 1720
3 1799 2367 3910
3 53 688 2785
2 3503 3680
1 3142
5 34 355 801 3157 3714
1 2350
1 3306
3 260 1151 2102
1 3963
5 2053 2507 2612 3725 3738
3 3401 3716 3993
2 321 1637
5 792 1596 1705 2815 3312
3 965 2070 2280
2 1119 3095
3 2145 2159 2357
2 748 803
2 85 2000
2 49 889
4 939 1274 1489 1670
1 883
5 122 1277 1552 2872 3227
6 549 2874 3021 3444 3666 3778
3 1950 2150 2316
2 1345 2032
2 586 1986
3 370 2590 3187
2 1665 2730
1 461
3 2528 3259 3935
2 1410 3212
4 540 3274 3478 3965
3 2408 2415 2600
1 3860
4 2437 2952 3184 3761
2 1838 3994
2 204 3906
0
2 280 2610
5 275 364 992 2250 3945
3 1255 1447 2477
2 1526 1692
3 215 2163 2272
2 1472 1786
2 2676 3458
1 2019
5 1389 1864 2694 3420 3443
2 3005 3020
5 479 990 1197 2600 2710
3 1770 2377 3603
1 1759
2 1698 3741
1 2024
2 394 3486
3 1492 2229 2721
2 875 3764
2 340 2091
2 215 1895
3 633 1065 2846
2 2694 3793
1 2430
2 1909 2778
3 237 1475 3205
4 598 1640 2863 3601
2 493 3812
3 63 2773 3303
2 1778 3868
3 150 2406 3789
1 3676
4 245 2953 3569 3907
4 210 325 614 3260
1 3619
4 125 1832 2236 3824
2 2134 3121
2 2096 3160
4 251 2205 3539 3880
1 3947
2 2731 3076
1 2299
2 354 3318
4 395 1898 2116 2335
2 1698 3617
4 423 860 2850 3173
3 852 1769 2574
3 640 1739 3593
3 2934 3318 3567
3 310 1646 1670
2 1151 1734
3 1196 3315 3526
1 3150
2 1865 2874
2 78 3029
2 2825 3970
3 312 2414 3430
3 1410 2314 3954
3 2707 2945 3613
2 1853 3319
2 33 3848
3 1340 2568 2894
2 2991 3237
1 3307
1 2185
1 3076
1 2335
3 742 944 2729
1 2355
2 3535 3790
1 2865
2 529 614
2 1906 2924
2 1595 2801
4 693 1385 2612 3960
5 299 620 3286 3353 3542
3 645 1357 3624
4 534 1248 1519 2874
2 3377 3680
4 567 1974 2507 2749
1 932
1 101
1 3528
4 456 790 866 3214
2 849 3733
3 690 824 2562
3 1074 1303 3903
3 50 2150 2551
1 748
3 1784 1953 2750
2 1365 2407
2 231 2567
1 2592
2 1065 3357
2 85 3686
3 254 374 3865
5 418 1211 1913 2709 3513
3 2081 2666 3132
5 879 3364 3389 3844 3912
2 1795 2204
5 955 1080 2870 3549 3850
2 547 3875
5 31 854 3046 3296 3630
4 1066 1105 1656 2583
2 620 1379
2 3492 3680
3 1420 1926 3627
2 2470 3580
1 2398
5 1397 2059 3082 3438 3769
2 2709 3125
4 1230 2198 2751 3723
2 520 2034
3 1757 2257 2583
2 1779 3110
4 1193 2648 3131 3858
1 2642
1 3713
1 1541
4 516 912 2653 3610
1 3077
1 2872
1 3560
2 639 3210
2 271 2811
2 2042 3998
4 891 3236 3281 3476
1 941
2 329 2983
4 345 1477 3015 3872
2 1350 2011
2 1056 1296
3 41 2791 3083
2 2047 3428
1 211
3 1426 2379 2576
4 868 1696 2923 2961
1 90
2 2182 3188
2 1617 2206
3 921 1004 1685
4 1322 2795 3594 3868
4 1093 2155 2736 3338
2 1517 3895
3 17 2935 3058
6 613 713 3072 3117 3259 3848
5 133 807 1280 3677 3870
5 785 1129 1628 1898 3602
2 1953 3487
2 979 3223
1 534
1 1307
3 586 3205 3853
1 1297
2 1129 2642
3 506 1048 1524
2 96 2254
6 249 326 1479 1709 1772 3033
1 3025
1 2083
1 1150
3 1590 1842 3114
2 559 2033
3 506 2549 3985
5 552 721 1531 1950 2363
1 225
3 157 724 2709
5 620 750 1697 2840 3103
2 881 1562
1 2954
3 1225 1341 3787
2 1135 1342
1 1094
3 110 1151 3487
1 3714
3 1256 2062 2138
4 1652 3113 3339 3866
4 978 1639 2963 3687
3 1071 1075 1579
6 948 1108 1657 2408 2967 3304
4 1335 2111 2247 3511
2 298 561
5 493 856 3157 3309 3609
3 169 824 3257
2 1994 3979
4 891 2224 3041 3557
3 1819 2607 2921
1 3666
3 125 3422 3586
2 485 1702
3 718 2266 3591
2 2190 2945
2 293 715
1 3081
4 1713 2001 2446 3378
3 1179 2246 3929
1 2628
6 567 1754 2229 2567 3200 3376
2 2362 2413
2 571 3662
3 2300 2856 3533
5 173 940 2084 2738 2858
2 219 1099
3 67 682 2622
4 1189 2047 2396 3072
2 2018 2445
2 670 2416
2 1184 1689
3 94 1827 3082
1 2755
4 137 641 1869 2945
3 1554 3333 3492
4 389 1869 2304 3453
1 1207
3 819 1036 2106
4 359 503 1791 2930
3 934 1244 2274
3 352 1469 3959
2 1763 2430
1 3418
1 2457
1 3399
2 178 2404
3 2947 3369 3927
1 2909
3 633 844 3013
2 1712 3598
3 102 2473 3798
1 3332
2 1063 1129
3 3005 3212 3871
5 121 2125 2570 2809 2841
2 1911 2258
2 223 2700
4 2903 3097 3696 3961
3 1779 2600 3177
2 908 3936
3 72 1480 2043
3 136 467 1617
4 486 1062 1091 3149
7 220 792 840 938 1724 1742 3706
4 1191 1592 1964 2580
4 395 3272 3746 3906
0
2 2975 3368
1 355
1 869
5 738 911 972 1190 2605
3 706 3328 3880
2 241 3298
2 104 3252
1 1255
2 1913 3692
4 402 520 2748 3809
2 1111 3515
4 464 1176 1252 2488
2 982 2389
2 1745 3054
5 183 434 1373 1391 3007
5 440 500 1610 3071 3811
3 835 3121 3988
3 3158 3229 3821
1 1682
3 2196 2290 3492
1 2627
4 199 276 548 3575
3 1308 2155 2726
3 864 3537 3812
4 1411 2151 2767 3115
5 428 593 798 3164 3980
4 20 439 969 1063
4 681 1106 2567 3264
5 672 726 852 1679 3043
4 758 2033 3002 3518
2 2441 3527
1 3414
1 803
3 75 582 3615
4 188 189 1927 3157
3 2533 3386 3973
3 1503 1962 3559
1 2418
2 126 3840
1 916
3 1303 1370 3363
3 1182 1740 2273
1 1925
6 467 1725 3665 3769 3879 3920
4 647 1625 2037 3879
2 1 1623
1 3806
4 123 1752 2161 3209
2 21 1891
2 574 2440
3 789 1307 3516
3 318 1139 1371
1 1974
4 246 1642 2307 3267
1 1559
2 180 3534
4 185 345 1681 2538
1 1427
2 896 3075
3 307 1684 2118
3 1560 2036 3324
1 2513
2 155 1958
3 34 458 3975
3 140 3196 3568
3 1369 2274 3044
1 2969
2 262 1771
3 846 1511 3940
5 122 1434 1509 1859 3959
1 2183
1 1948
4 844 1763 2250 2847
3 546 2176 2291
2 19 919
2 156 3514
4 176 426 2606 2867
2 611 1854
1 1267
5 522 2216 2277 3078 3356
3 990 1920 2132
3 1114 2419 3134
2 1263 2620
4 90 324 1076 1819
2 222 2354
2 1464 1977
4 2162 2603 3139 3837
4 15 125 387 2201
2 1748 2818
4 809 2471 2592 3609
2 86 920
4 2211 2316 2565 3493
3 1674 1864 3089
2 370 3557
2 2767 3948
3 706 760 2163
1 3670
2 563 1417
1 2671
2 789 3586
3 1783 2485 2685
4 1182 1946 3795 3945
1 202
4 237 873 1169 3300
2 843 2288
2 1185 3058
3 1975 2466 3608
2 2437 3646
2 590 2502
2 323 1333
3 1199 1961 3294
5 442 894 1731 2965 3186
3 632 1151 2883
1 198
2 1028 1879
5 726 1090 1244 2750 2816
3 1321 3281 3660
3 575 838 2969
1 1372
1 3686
4 1422 2145 3025 3481
4 966 1572 2608 2931
3 164 2362 3948
2 2588 3049
3 369 973 1943
1 1018
3 915 928 3063
4 995 2734 3480 3582
5 171 1510 1667 2431 3655
4 38 237 528 2809
4 432 689 3214 3299
3 1107 2683 3618
6 352 484 996 1109 1958 3007
4 345 435 2792 3609
2 300 3750
1 3746
2 1286 3282
3 2740 3026 3629
5 493 501 567 1330 1884
2 274 482
2 1858 2262
3 113 905 1652
2 2020 2667
2 1426 3532
4 2262 2300 3105 3932
4 1222 1646 2943 3355
1 3691
1 763
2 1353 2273
1 3076
1 1344
4 1004 1191 1401 2436
5 85 592 1356 1853 3478
1 1138
2 1515 2579
5 696 1400 1644 2745 3664
1 3183
3 72 1397 1730
2 4 534
3 1013 1684 3473
3 215 445 1668
1 3371
1 2164
1 1108
3 1119 2378 3137
1 3708
5 230 436 1843 2973 3536
3 1645 2444 2628
1 3474
3 295 790 2676
3 1145 1549 3218
1 3406
2 147 1122
2 965 3280
4 1140 2020 2180 3390
2 822 3666
1 1873
2 1150 3586
4 774 942 3141 3575
2 195 652
3 744 2817 3311
2 916 3159
3 636 2768 3901
2 490 1571
1 2806
2 1030 2151
3 1259 1681 3831
2 519 1366
2 768 1054
1 3311
3 1408 1482 2914
2 301 414
4 24 1788 2888 3150
1 35
3 1066 3917 3945
1 1270
2 212 3905
1 3660
1 3660
5 427 800 2452 2924 3930
1 3278
1 350
2 254 3439
1 720
1 2236
1 2175
3 462 2471 3239
3 688 1596 2821
4 3054 3055 3376 3386
5 436 1108 2889 3729 3915
5 1794 1905 2589 2945 3514
2 441 888
3 516 2565 3673
3 722 1072 1850
5 605 1164 1786 1826 2545
4 1215 1697 2524 3498
3 1718 1898 2863
4 331 1513 1781 2028
1 332
4 404 1777 2127 3091
2 2842 3159
4 2069 2668 3013 3867
4 1575 3231 3275 3681
1 1014
2 2450 3406
6 47 640 1310 3192 3285 3531
2 117 1828
3 104 1274 2754
3 216 2113 2213
4 1471 1550 2739 3221
1 2864
2 876 2591
1 2009
2 2092 2653
4 425 1709 2830 2949
1 1940
2 973 1522
2 713 2572
5 486 861 1638 2855 3288
5 1088 1118 2006 2265 2399
4 2204 3000 3469 3534
4 527 1812 1843 2703
0
3 339 619 3951
1 2461
6 440 1314 2522 2750 3491 3674
2 2033 3177
2 2391 3034
4 1806 2175 2253 3633
2 1073 3357
2 954 3328
3 1614 1686 3797
3 921 2716 3273
1 3428
4 167 1382 2643 3288
2 670 2852
2 567 3116
2 375 2047
1 366
2 1207 3609
2 1289 3099
2 935 1288
3 1384 2783 3968
1 252
1 443
2 2856 3431
2 1007 2098
4 2421 2466 2638 3354
3 569 800 1919
2 64 3762
1 1515
3 17 2522 3870
3 192 1949 2662
3 616 1393 2304
2 2442 2907
2 1982 3183
2 835 3494
1 3865
4 488 1371 2038 2483
3 67 350 1734
3 2993 3650 3788
1 2046
1 394
4 654 1444 2019 3010
3 288 945 1547
4 2177 3063 3156 3265
2 991 3028
4 346 1433 2027 3608
2 3263 3652
4 89 577 2562 2611
5 166 311 988 1125 2439
2 1299 2909
3 604 1351 2817
2 3179 3669
1 668
6 1236 1835 2202 3401 3482 3929
4 298 1881 2468 2533
1 2016
5 73 984 2034 2174 2252
4 2009 2383 2591 3297
3 1079 1080 1940
1 1158
2 2879 3294
3 207 422 1898
3 71 833 1117
2 655 739
3 661 711 2194
5 296 550 863 2170 2837
3 1221 3435 3672
1 3660
2 1696 1713
3 840 1352 1621
2 77 746
2 2659 2820
3 649 1293 3748
1 3089
3 353 617 797
4 395 1888 3502 3891
4 2018 2967 2999 3449
3 386 760 1948
4 2212 2893 3423 3657
2 962 1157
3 2218 3058 3123
6 228 597 815 1038 1610 2469
2 3104 3815
2 522 1498
0
2 212 742
2 0 1029
2 4 1948
1 3460
3 395 514 3742
1 1207
3 923 2620 2697
4 589 915 1798 1937
2 2400 3450
2 2093 3854
2 222 3270
3 1436 2255 3145
3 135 434 1588
2 2859 3283
5 884 1021 1670 1886 2550
3 683 1463 2052
3 2678 3350 3462
2 2341 3581
2 1335 3717
2 2096 2482
3 371 1227 3863
4 427 1356 2740 3432
3 1672 2283 3620
2 357 3521
2 449 2201
4 710 3024 3265 3972
2 964 1940
2 1608 2915
2 508 3711
3 922 3169 3980
1 3716
3 1695 2404 2463
5 188 748 1182 1922 3868
2 1358 3617
1 856
2 1575 1782
3 1133 3476 3767
1 156
1 3495
2 2888 3768
6 1137 1658 2530 2867 3404 3633
1 3267
3 1551 3144 3196
4 23 2394 2955 3969
2 1015 1785
2 1343 2618
4 1306 1692 2357 2939
4 179 3299 3477 3597
1 2361
2 869 2201
1 945
5 1632 1691 2026 2757 2818
2 3539 3613
2 581 1968
5 957 1791 1899 2285 2489
2 1869 2149
3 2588 3652 3767
1 3077
4 2929 3271 3871 3889
2 308 1848
3 339 3262 3403
2 1212 1299
2 2536 3428
2 47 1015
1 1626
7 490 647 836 1317 2177 2573 3071
4 211 2062 2553 2941
3 938 3447 3895
2 552 1808
5 260 567 2241 3906 3996
3 1730 3246 3904
2 480 2087
3 620 1090 2153
5 1946 2820 2845 3031 3321
2 1818 2845
1 2370
1 1507
1 3618
4 2103 2729 2841 2893
6 1033 1729 1850 1891 3416 3743
5 121 972 1085 1415 3608
3 149 2560 3101
2 3086 3581
1 3379
5 1573 2060 2286 2856 3987
3 171 1036 2001
3 514 3675 3878
2 2954 3135
3 420 1588 3620
1 1247
2 1195 3369
4 1030 2977 3303 3675
3 224 1713 3684
2 90 3951
1 3907
2 1925 3394
4 507 2100 2501 3347
2 1668 2866
5 102 1847 2678 2704 3545
4 130 742 2666 3716
5 50 67 1719 3055 3442
3 868 2204 3071
5 461 619 1270 1420 1547
1 3694
2 529 1615
2 428 841
1 2015
4 177 1658 2704 3880
4 375 425 1911 3960
2 111 2128
5 3 1071 2216 2243 3884
3 308 436 2229
3 267 443 1208
6 841 886 1605 2240 2266 2945
2 2103 3703
1 3550
1 1902
4 101 527 3198 3357
3 966 1085 2607
2 1337 3622
2 778 1588
3 482 1407 3126
3 541 2422 3258
1 591
3 2502 2886 3817
3 2127 3154 3590
2 1915 2553
1 1179
2 2110 2839
4 1297 2142 2261 2736
1 416
3 525 810 3780
2 2229 3812
3 847 1221 1881
4 995 1888 2536 2702
1 2133
2 1822 2091
3 1877 3295 3718
2 2865 3254
1 2729
1 1690
3 466 824 3432
2 724 744
3 80 3116 3801
1 3344
4 546 2063 2907 3096
4 938 2340 2839 3318
2 1520 2516
2 2661 2714
5 447 1921 2444 2470 3138
2 704 957
3 13 25 1475
3 378 1562 2283
2 1382 2773
1 3416
3 691 841 3179
2 2791 3275
1 3356
1 3762
2 550 1338
2 1488 3634
2 1476 3537
3 1618 3440 3521
3 2388 3235 3886
3 667 1169 3324
3 1016 2459 3596
3 1913 2943 3978
3 957 2181 3894
4 38 2233 2285 3482
2 1667 3020
1 147
2 20 204
1 2306
2 739 3053
2 19 2343
2 984 2977
1 339
2 891 1605
2 765 973
3 508 3533 3939
4 449 1848 3151 3733
3 1781 3498 3941
2 41 3852
3 480 1450 2672
2 772 3159
3 601 2420 3892
3 45 744 3765
1 901
5 335 1039 3030 3511 3793
4 1108 1996 2017 3406
3 719 1383 3926
2 2799 2872
4 1960 2736 3099 3471
3 666 2030 2140
1 3695
2 341 2021
4 1516 2452 2460 3090
3 155 3067 3939
3 1966 2017 2193
3 645 1202 3676
4 171 3483 3516 3608
1 1872
2 1754 3677
5 469 816 2243 3471 3653
3 2249 3126 3479
2 2037 3525
2 2536 3131
1 3619
1 26
4 930 1042 1389 3538
2 2464 3640
4 46 582 1401 1758
1 2477
2 3617 3660
1 607
2 2784 3864
1 2805
6 1174 1387 2328 2360 2485 3735
1 1067
6 132 864 1519 1717 3222 3804
3 1146 1509 3551
2 1603 3027
2 893 2613
2 1836 3140
3 372 668 1430
3 1750 3049 3831
2 372 607
3 875 2161 3370
3 1548 1879 2022
1 385
5 294 1066 3405 3453 3994
1 1872
2 2036 2516
3 214 2853 3997
2 1193 2087
2 516 2519
4 197 819 2340 3451
4 73 301 1395 3069
2 2829 3479
2 3064 3485
1 2600
3 868 2873 3158
2 161 1660
3 899 1362 3316
4 879 970 2338 3195
2 567 1178
1 3521
1 1730
3 315 2716 3237
4 690 759 851 2951
1 3594
1 3072
2 645 3471
2 677 1609
1 287
2 3234 3586
4 436 843 3002 3363
5 658 871 1447 2382 3567
2 1371 2421
3 1420 2330 2548
4 277 1337 1564 2109
2 37 1853
3 552 596 3206
1 780
2 682 3779
2 344 3965
2 424 1252
4 366 1136 1196 3724
1 3500
3 1266 1776 3363
3 1564 2004 3905
1 1233
1 921
3 2450 2822 3889
2 1122 2570
1 2998
3 759 1153 1832
3 1815 2568 2790
2 546 2406
4 216 1865 1884 2593
1 2865
3 856 2236 3751
1 361
2 480 1009
3 155 448 2610
3 889 2246 2458
2 361 3191
4 1651 3270 3384 3806
3 1199 2508 2840
3 2182 3088 3502
6 416 1140 1643 2257 3005 3987
2 791 2105
3 2656 3119 3303
3 607 759 2455
3 1201 2746 3513
1 669
3 233 3272 3682
1 3170
2 2810 3330
4 96 1891 2012 3297
2 1807 3224
2 1444 1685
3 589 2595 3670
3 2543 2947 3818
5 41 42 701 1418 1638
2 1392 2364
2 1300 2203
5 911 963 1222 2419 3696
1 323
3 590 3793 3936
1 2755
3 2682 3353 3633
2 618 1304
2 2396 3856
3 151 1186 1187
5 1598 1676 2972 3028 3628
4 1177 1952 2214 2251
3 278 558 2446
2 866 3794
3 2043 2689 3939
1 2012
0
1 1017
1 1431
5 822 1847 2800 2808 3502
2 1364 3086
2 562 3095
4 1118 1400 1766 2076
1 3595
2 411 2055
2 2082 3669
2 540 2233
2 339 3749
2 2551 2829
3 280 716 3672
5 380 1138 2356 2744 3025
1 329
3 1701 1850 3157
4 710 764 1399 3668
4 979 1619 2178 3369
1 3447
5 956 1026 2307 2386 3710
4 1957 2022 2074 2509
2 1447 2042
5 90 424 2135 3611 3844
3 403 537 3532
3 767 984 1262
3 436 2153 3870
6 260 562 1656 2301 2786 3287
3 2113 2489 3010
3 1855 2266 3600
2 1240 2890
2 415 3746
2 1357 1434
1 1235
1 1464
2 2200 2956
2 1233 3758
3 312 1821 2265
2 28 550
1 1287
7 85 562 919 982 2308 2490 2956
3 500 1546 2292
1 1669
2 744 1302
3 647 1753 2391
2 1347 3148
4 561 1055 2076 3408
5 979 1253 1952 2617 3477
4 811 883 1446 1512
2 1795 2661
3 1354 2159 2723
2 1471 3560
3 987 1173 3999
2 2138 2140
4 50 57 334 1110
2 1318 1514
3 889 1108 1352
2 3355 3859
2 2031 3079
2 1242 2998
1 3020
6 273 507 693 1173 1393 3233
3 1686 3158 3322
1 414
1 1946
2 1853 3245
4 290 463 1643 3516
3 1055 2863 3530
2 1703 3661
2 1254 3644
2 1732 3162
2 1526 1716
3 2524 2648 3017
2 645 2818
3 371 872 1544
1 2041
2 221 1918
1 3152
4 657 1639 1815 2001
1 1853
1 3303
6 187 382 2221 3015 3478 3973
6 297 1970 2542 3181 3559 3737
3 285 2695 3152
1 1568
7 329 352 508 863 934 1020 2052
1 2043
2 988 2698
3 1472 1637 2630
4 365 692 1450 2058
1 1486
1 1264
4 141 232 2784 3084
0
3 859 2494 3859
5 231 396 2803 2960 3304
3 1953 2118 3108
1 2516
4 129 1375 2751 3370
5 413 555 1320 1466 2622
3 3374 3899 3960
5 87 813 1168 3116 3549
4 1119 1311 2674 2881
4 554 663 2176 2931
2 785 3020
5 1261 1301 1793 2623 2896
4 400 2860 2917 3386
3 3 1168 2432
1 10
4 1432 2526 3120 3702
5 19 441 1547 2031 3195
2 1880 3127
2 992 2868
2 3197 3372
5 724 1312 2057 3297 3488
5 136 644 1576 2695 3292
2 407 1716
3 19 172 2365
1 1505
4 134 1859 1903 2477
3 2017 2802 3761
4 433 2221 2815 2935
1 3256
1 3579
6 138 218 940 1448 1744 3402
1 1481
3 1563 3533 3970
2 902 930
2 897 3878
3 965 2828 3862
1 375
2 393 1638
3 469 2012 2605
2 1401 1447
4 2037 2735 3534 3580
5 159 1045 3023 3569 3757
1 30
4 2732 2803 3075 3615
2 896 3957
3 1281 1975 3184
3 708 1258 1544
3 1106 1871 1937
2 2447 3252
2 1639 3085
2 1569 3943
3 1679 2968 3129
3 746 1529 2867
2 1505 2267
3 2678 3877 3966
3 159 318 3575
2 278 339
1 66
4 1447 2515 2785 3842
2 1568 3930
4 1 1159 3841 3863
2 119 1525
3 314 1140 1757
2 1498 1622
4 1247 2629 3141 3911
2 1066 1484
1 2425
1 2546
2 724 795
4 584 2126 2389 3774
1 1422
1 624
6 632 732 2171 3480 3735 3961
2 3473 3968
3 446 1760 2300
3 1480 3134 3988
1 20
2 1804 3378
3 67 2767 3347
2 1270 3585
4 431 468 761 939
1 2631
1 2801
5 202 933 1464 1817 2506
2 672 3408
3 1856 2125 2589
2 192 663
2 2173 2325
1 461
3 292 1014 3620
2 1214 1349
2 2293 3786
3 318 2088 2834
5 1756 2503 3111 3551 3983
2 1239 2354
3 2797 2960 3284
2 1522 1856
1 2288
3 24 2636 2822
2 10 3895
3 577 2051 3894
5 86 549 2634 3519 3841
3 1482 1689 3173
1 1610
4 687 1506 2477 3959
3 1422 2347 3332
3 2224 2550 2874
1 3202
2 320 426
3 10 636 3282
4 8 533 2236 3037
4 507 1479 1979 3934
3 1507 1530 1699
2 198 843
1 2525
2 2950 3499
4 1005 1982 3167 3941
2 2676 3405
1 2912
6 191 1731 2038 2391 3159 3446
3 3413 3626 3706
5 1784 1930 2098 2179 2512
4 157 779 1760 3776
2 1026 3649
1 3675
3 820 2397 3325
1 1811
5 1352 2131 2330 2943 3577
4 326 1028 2218 3158
3 451 1147 2600
3 799 1537 2199
2 141 1258
1 1330
1 3273
2 46 3983
2 960 1137
3 1880 2819 3240
3 19 1747 3946
2 1305 3552
2 550 1903
1 3671
2 2814 3062
1 1577
2 942 1931
1 96
4 122 915 1167 3841
3 1055 1195 2942
2 3735 3891
1 1278
1 3448
3 1217 1940 3614
2 2560 3668
4 1233 2579 2593 3220
2 1009 2988
2 211 3984
5 1120 2162 3540 3722 3975
0
1 2276
3 320 2140 3877
3 2341 2657 3034
2 884 1738
2 1517 1786
3 1570 3180 3735
4 2519 2998 3524 3648
2 1308 3762
0
1 3399
3 1297 3492 3770
3 125 2343 2549
3 32 1419 3626
5 141 1956 3333 3773 3999
1 460
2 54 220
2 684 3031
1 3895
1 2686
2 869 1505
3 1019 2150 3801
2 1668 3304
3 2145 2569 3468
3 758 2812 3142
3 1745 2128 3801
3 1116 1665 3087
3 2205 2248 3997
4 2917 2959 3394 3990
3 1238 3398 3593
4 136 1676 2647 3685
1 1444
2 611 1186
3 524 2292 3814
3 687 954 3859
2 553 1418
1 2977
2 2717 3521
3 2345 2474 3133
4 113 733 917 2595
2 230 3303
1 3787
3 428 3026 3414
5 3 417 1712 1752 2783
1 3170
2 1205 3652
2 1175 3106
1 1196
3 1397 1859 2985
2 1695 2951
3 667 1367 2749
2 179 3623
2 2082 2616
5 114 832 1713 3474 3920
1 1106
2 7 2837
2 1195 2546
3 853 1080 3809
4 1380 1715 3520 3773
5 38 844 1987 2530 2920
1 584
2 843 2843
3 1913 2645 3939
5 753 1000 1055 1237 1258
3 1592 1759 2397
3 278 2930 3752
2 2568 2661
4 445 744 2819 3094
1 2495
4 1323 2206 3108 3745
1 1398
6 159 1197 1818 2773 2919 3806
1 1329
2 337 931
3 1554 3560 3652
1 2628
2 369 3724
2 2442 2979
1 3137
2 669 1320
1 2833
2 363 432
2 499 595
3 790 959 1847
2 690 1216
3 2373 2939 3070
1 1994
3 1249 1755 3838
1 1501
2 34 2582
4 986 1404 3635 3903
2 466 2501
1 3422
4 652 1197 1520 1785
2 1878 3051
2 1695 2036
3 67 1298 3892
3 453 2970 3911
3 654 2310 2818
1 673
3 230 1597 3233
3 311 2264 3065
4 487 783 2725 3587
4 963 1893 2174 2541
1 2831
3 1225 2031 2910
1 1994
5 25 723 1461 2874 3776
1 3097
1 654
1 3170
6 232 661 2534 3317 3378 3740
3 636 2522 2836
5 359 752 1884 3741 3751
2 760 3242
2 386 607
6 165 636 2029 3256 3287 3628
3 2480 3336 3857
3 1203 3410 3959
3 2164 2729 2957
1 1939
4 260 552 1564 3489
2 826 2492
2 2901 2964
4 1414 3517 3554 3863
3 1175 1490 1590
4 1145 2566 2752 2815
1 3591
2 651 2887
1 254
3 554 1193 2578
5 38 1756 2177 2378 3205
2 479 2684
1 235
1 2992
2 1955 3188
0
2 450 1155
1 1159
3 1369 2202 2930
2 3213 3615
3 122 2134 2444
1 3999
2 2689 2899
4 586 1157 2572 3731
2 2908 3167
2 298 3776
2 245 695
1 105
2 625 2672
1 1433
4 2 1054 1499 1882
1 472
3 139 1507 3924
1 2034
4 257 2657 3049 3801
5 1306 1464 1927 2994 3421
2 1686 3180
2 669 1312
4 1217 1586 1878 2950
4 1978 2630 3224 3591
3 2016 2777 3081
1 2266
3 699 1623 3511
3 1053 3029 3880
6 416 1342 1765 2407 2416 2537
3 735 739 3890
2 789 2333
1 1567
2 684 1622
2 76 1184
1 364
1 2185
1 3069
2 375 1556
2 17 698
5 139 809 1419 2944 3088
2 495 2133
2 2678 2778
3 1164 3202 3858
3 2101 3187 3725
3 206 1312 2871
3 548 2041 2195
4 337 702 1291 1861
3 895 2593 2708
3 211 1606 2578
2 304 2646
2 50 3542
5 321 2557 2880 3490 3945
3 369 2110 2516
2 2294 3255
4 25 126 567 2570
3 688 2654 2938
3 134 797 1525
4 1146 1532 2358 3618
4 930 2041 2959 3227
3 806 1222 1577
2 1545 3180
2 370 2877
2 2288 2841
5 144 545 724 1662 2920
2 178 3609
4 361 655 2655 3414
4 285 776 943 3811
4 1070 1242 2542 3401
1 3030
6 38 1089 1540 2432 2882 3403
2 674 3229
1 2258
1 3717
2 36 1628
4 57 3063 3092 3959
5 70 304 895 2205 3915
2 727 3167
4 356 1392 3138 3244
1 196
2 525 1095
2 684 3618
3 1137 2053 3698
2 424 2835
5 304 745 780 3767 3945
4 1921 2201 2506 3605
2 1714 3827
0
2 2031 3113
1 3337
2 149 3439
3 2124 3091 3975
2 1670 2679
3 423 2966 3351
4 2391 2606 3411 3981
1 1634
2 1340 3903
1 3504
1 1890
3 1439 1473 3670
1 2805
2 477 2070
2 2018 3995
1 3948
3 1171 1400 2536
5 236 1355 2476 2494 3028
4 732 2796 3165 3208
2 986 3737
3 547 2038 3576
3 2317 3599 3784
3 11 914 1653
2 725 2412
4 1119 2123 2443 3857
3 741 1660 3671
2 2539 3093
2 2664 3286
1 1567
4 1555 1726 2634 2822
3 1247 2120 2136
3 1035 3095 3610
2 3087 3169
6 725 888 1178 2060 2233 3677
1 3898
4 174 1526 3165 3313
2 1522 3736
1 1743
6 236 653 1840 2872 3287 3622
4 85 1903 2004 3539
1 1463
3 1403 2323 2722
4 121 1178 3525 3802
1 3460
1 818
1 3915
2 1163 3610
3 2881 3553 3919
2 3265 3573
5 131 1129 2269 2446 3717
4 2606 2976 3185 3220
1 1049
3 330 1087 2817
2 373 3342
3 1040 1807 3675
4 2049 2608 3152 3978
2 305 669
3 767 1125 3329
2 1567 3327
4 123 343 2313 3220
3 265 356 2676
2 2882 3077
4 1385 2693 3645 3820
2 1702 1901
1 1958
3 1271 1446 2005
2 288 2618
2 1125 3442
2 624 1207
2 2503 3786
1 825
2 1253 1467
1 2162
2 2698 3210
4 1754 2335 3585 3935
3 902 1390 1694
1 96
2 2224 3539
4 449 701 1066 1611
3 1352 1757 3467
2 725 3306
2 2633 2903
3 558 3553 3851
4 507 1445 2497 2876
3 824 2610 3403
3 3057 3206 3287
2 1418 2944
1 1551
2 1884 2829
5 922 2143 3658 3662 3827
2 1419 2533
2 841 3904
2 2327 3471
3 16 2158 3258
1 2554
1 2170
3 840 1389 2310
5 163 179 703 2071 3489
2 1313 1517
4 1042 1396 2418 2602
1 1516
2 2480 2901
2 2413 2962
1 3510
2 1788 3242
3 1406 2242 2416
5 476 881 1396 3376 3632
1 2830
3 1461 1884 3281
0
2 9 684
4 1414 1469 1475 2345
1 1840
2 1971 2171
3 754 1885 3304
2 1396 1429
2 923 1851
2 1272 3949
2 250 3790
1 1998
0
2 193 3282
3 2470 3118 3691
1 1049
3 1047 1052 2963
3 223 1549 3801
2 341 2957
2 2326 2737
4 885 1015 1389 2458
3 587 3672 3685
3 205 1544 2395
5 384 888 1175 2053 3794
2 137 1941
3 43 2849 3151
2 587 1643
2 665 1278
2 2189 3266
4 36 108 902 1444
3 879 2904 3613
2 1072 2023
4 1360 2648 2667 2753
3 3030 3363 3365
3 1031 1089 3800
2 2138 2600
2 2579 2761
2 479 1747
3 123 244 2185
4 231 2141 2612 3756
2 2682 3230
4 242 950 1908 3754
1 566
4 672 800 1184 1301
2 1977 2103
3 606 769 3141
3 1832 3239 3639
2 871 1644
1 2480
3 809 1980 2684
3 1854 1871 3859
3 159 2640 3020
2 6 1407
2 159 1343
2 601 2025
2 2297 2919
4 1339 2092 3121 3634
4 696 2683 2881 3924
2 325 710
2 1238 2354
1 751
2 2129 3663
3 1909 2202 3015
3 841 1543 1909
4 222 563 855 1405
1 2579
5 16 1957 2039 3565 3777
2 2162 3851
4 1068 1805 2699 3312
2 696 2991
3 282 2592 3875
7 22 150 881 944 2871 3724 3800
5 703 991 1172 2161 2866
1 2194
1 134
1 356
1 2605
3 521 683 2642
3 602 983 3127
1 3077
6 290 663 896 1771 1964 3278
5 419 577 613 3084 3272
4 555 1747 1921 2305
4 420 2551 3159 3695
3 799 957 2893
1 329
5 485 874 3151 3462 3970
4 828 1124 1576 1598
2 748 1313
5 504 1049 3185 3260 3976
4 788 1164 3297 3913
3 1005 1684 3335
3 144 1013 2939
3 911 2724 3398
3 134 1971 2724
3 1183 1588 2215
2 2652 3644
3 1214 2037 3847
4 343 567 1752 3314
4 1431 2019 2214 2630
4 1325 1362 2566 3099
3 3426 3564 3874
2 918 1488
1 835
2 3163 3439
3 211 3560 3614
2 268 848
1 3512
2 2507 3901
2 1618 2907
4 295 536 1410 3026
5 304 522 1925 2091 3850
4 866 1948 2018 3611
4 2161 3274 3559 3939
4 1045 1239 2585 3767
2 537 2901
3 981 997 2893
2 138 2128
4 527 1115 2231 3153
4 1066 2094 2474 3065
3 1488 1939 3895
5 256 967 1880 2862 3188
3 639 2545 3224
1 1943
1 2587
3 2960 3841 3861
1 1818
2 1011 3381
3 2560 2719 2720
4 448 2215 2777 2866
2 843 984
3 1343 1525 1585
2 457 3136
5 972 1554 2187 2288 3947
4 280 2333 3209 3514
4 1224 1599 2559 2940
2 604 2582
4 201 855 1930 2991
6 155 809 1747 2052 3720 3749
2 968 1633
2 2733 3366
4 1052 1734 1936 2417
5 2611 2686 2742 3159 3383
2 1763 2461
3 221 2298 2649
3 396 2902 3589
3 1312 2428 3395
1 200
3 298 1983 3109
2 599 2669
1 2759
1 1290
3 1704 3068 3204
1 973
4 943 1558 3394 3688
3 1300 3394 3883
4 54 746 1314 3246
3 66 199 2639
3 1852 3431 3490
4 359 1791 3492 3996
5 493 1220 1407 1729 3944
2 2177 3290
4 194 2752 2780 3716
2 812 2642
2 204 1844
1 3457
3 596 880 1533
2 710 1647
2 369 1527
2 1302 2985
1 3850
4 24 2366 2612 3621
2 1125 1914
1 2560
2 1848 3980
4 548 1435 1613 3754
1 3550
3 2052 2550 3448
4 490 1785 3121 3842
5 851 2441 2836 3344 3823
2 12 3967
1 2738
1 3158
4 1485 1645 1753 3188
2 1369 3888
3 316 1202 2371
2 944 2633
3 728 1520 1667
1 2284
2 1492 2371
2 842 3378
3 335 554 1780
4 214 654 1960 2539
2 3028 3979
2 2305 2449
2 400 3277
6 1167 1455 1587 2778 3530 3918
4 521 1441 2052 3418
2 251 3741
1 144
1 2736
2 468 2519
5 314 890 1064 2166 2548
4 1190 1251 2998 3005
4 1158 1328 1440 2379
2 915 2318
7 7 953 1221 2009 3397 3781 3856
2 1586 2251
3 497 2053 3954
1 581
4 1848 2519 2741 3941
1 1463
2 1496 3057
4 1348 1521 1896 3320
1 898
1 181
2 2061 3751
3 464 1240 3471
1 476
1 2541
1 3637
2 573 3636
3 845 995 3013
2 552 2131
2 1354 2847
3 335 1306 2403
1 505
2 15 2140
3 1990 3643 3814
1 597
1 1285
3 1195 1239 1925
4 260 398 636 2909
3 355 1125 1472
3 1528 3944 3991
5 447 1043 1365 1864 3622
2 2132 2845
1 1443
3 527 2140 3228
2 394 2141
2 69 3309
3 454 1852 3513
1 2852
2 514 1700
4 1850 2769 3363 3930
5 768 1589 2004 3300 3925
3 1815 3115 3843
5 986 1063 1216 1554 2201
2 2102 2432
2 1560 3403
3 1591 3357 3799
1 1576
2 1492 3935
2 382 2903
1 1639
2 825 1102
3 48 66 1903
2 326 393
2 3141 3704
1 3504
4 1241 1267 2162 2560
8 255 763 996 1838 2603 3272 3362 3975
5 1479 1669 1711 2872 3941
3 533 1978 2143
1 781
4 160 725 1833 3852
2 2886 3059
3 1135 3216 3274
5 2964 3165 3540 3888 3925
6 224 607 767 984 1370 3655
2 154 1144
1 3835
5 2618 2917 2983 3042 3537
3 567 986 1678
3 2130 2182 3378
2 148 2507
2 355 3671
3 158 1785 2769
4 1345 2425 2807 2861
2 488 1146
3 1179 3631 3689
1 24
4 308 1031 1103 1494
5 101 987 2154 2371 3599
1 3777
4 296 793 1026 3224
4 1680 1697 3064 3195
2 1047 1991
3 410 1664 2019
2 1193 3112
4 728 1537 1700 2568
3 609 1969 2018
1 1358
3 1567 2461 3250
3 102 3328 3572
5 212 357 2182 2314 2823
4 1073 1515 2023 2359
2 597 1165
1 3702
1 2372
2 1469 3493
1 3809
3 528 1238 1797
3 320 3484 3568
2 3026 3206
3 1330 2443 3850
3 1765 2419 3846
3 219 382 1587
1 744
2 745 1212
3 831 1480 1710
2 1100 1798
2 3650 3841
1 760
2 1783 3345
6 400 1494 2442 2465 3290 3685
1 3445
3 157 2489 3793
3 285 324 2625
3 878 2308 2605
7 159 728 760 962 1054 1957 3372
4 330 1117 1439 2469
3 727 2913 3097
3 870 1807 3768
2 198 2419
4 170 1698 2191 3337
4 233 509 1350 2324
2 1346 3235
3 1839 2205 2740
3 430 2286 3154
3 487 2614 3558
2 2197 3338
3 411 611 1217
4 449 742 2500 3407
3 254 991 1091
5 1038 3128 3708 3905 3940
4 1255 1769 2603 2662
2 2311 3063
3 1833 2723 2901
2 1061 3800
3 294 1241 1468
