1000
1 157
1 790
2 797 855
3 292 301 635
3 17 247 839
4 185 290 391 727
4 148 320 357 363
2 155 437
1 884
2 773 824
3 320 415 487
1 401
2 253 545
3 36 121 921
3 435 773 991
3 374 595 752
2 374 747
1 579
1 256
1 678
2 14 616
3 146 271 906
5 54 105 298 415 746
1 903
4 251 407 433 765
3 304 326 944
2 561 826
3 43 50 119
4 112 120 262 288
1 13
2 211 510
1 373
4 4 119 299 646
1 42
3 278 593 765
2 52 403
1 900
4 312 552 790 951
3 592 784 825
2 6 195
3 288 427 652
3 151 553 935
3 14 17 558
3 600 669 776
3 2 104 158
2 501 631
1 324
1 616
1 675
2 28 794
3 300 711 810
3 215 460 493
2 134 652
3 291 590 737
2 117 488
3 545 817 899
4 323 479 647 823
1 44
1 714
3 440 743 807
2 332 459
2 64 188
3 256 348 804
4 86 186 694 917
4 260 440 850 857
4 93 349 362 368
5 111 197 248 540 918
2 885 953
1 618
1 812
2 530 545
1 861
3 150 527 629
2 87 394
2 126 531
4 16 132 263 761
1 533
2 66 72
5 299 309 346 387 477
2 383 726
2 165 675
2 42 294
1 834
3 105 345 906
2 171 201
2 464 808
3 646 743 964
5 31 668 776 792 999
2 131 905
1 531
2 11 336
2 503 537
4 336 461 463 568
1 105
2 329 332
2 229 820
2 324 901
3 476 477 620
4 16 586 736 829
3 12 196 785
2 386 620
5 30 382 459 830 934
2 265 833
2 709 801
2 300 667
1 707
2 173 923
3 200 571 575
1 204
1 482
2 298 722
4 40 565 675 791
2 37 326
3 372 473 951
2 335 414
4 147 273 313 866
2 102 446
1 847
1 903
2 345 735
4 54 158 568 858
1 879
3 89 94 615
3 385 686 789
2 356 415
3 328 843 866
1 688
2 505 801
4 86 189 235 382
2 400 959
2 42 80
3 158 233 998
2 10 943
1 276
2 427 512
3 198 292 705
3 76 106 871
1 178
1 928
3 589 599 826
4 70 634 748 825
2 385 976
6 307 642 720 828 888 999
1 465
1 59
2 176 827
3 31 85 988
2 366 659
2 736 793
1 381
2 609 762
2 558 836
3 584 625 675
2 328 694
0
3 409 552 632
2 329 441
5 37 412 575 872 951
1 9
2 336 747
3 557 604 839
2 14 887
1 957
4 77 189 571 624
4 144 232 774 979
2 411 812
2 141 847
3 189 306 547
1 117
1 493
2 5 535
5 73 274 563 784 868
2 770 802
1 813
2 10 459
3 494 614 758
4 197 651 693 759
1 105
2 465 883
3 16 383 694
2 215 543
1 235
2 71 85
4 205 292 690 835
2 372 656
4 161 288 348 870
4 120 233 641 908
1 348
3 133 811 932
1 138
3 79 182 657
2 768 871
3 474 762 969
3 161 421 850
2 499 794
1 615
3 527 646 669
3 384 460 576
2 803 935
2 342 355
1 655
1 842
2 89 873
1 514
2 441 610
5 307 474 781 802 856
1 712
2 482 650
4 340 588 604 770
1 804
2 233 494
3 264 408 929
4 74 241 582 875
3 719 796 805
1 279
2 162 732
1 503
6 11 189 377 558 578 877
1 558
3 106 527 798
2 32 666
3 211 285 776
3 21 405 485
4 286 349 378 573
1 793
1 305
5 183 316 340 500 741
1 382
3 139 181 336
1 386
0
2 113 277
4 188 541 784 857
1 677
2 34 860
0
1 827
2 402 437
1 570
2 60 686
1 446
2 155 382
1 861
5 165 230 443 692 871
1 704
3 174 221 489
2 577 674
1 715
1 211
2 726 765
4 193 684 942 971
0
3 506 699 773
1 906
2 66 229
3 305 484 684
1 685
2 311 325
4 126 799 811 954
3 174 247 430
4 86 484 763 835
1 856
2 103 835
5 34 455 669 823 924
1 353
2 50 927
1 959
4 104 522 733 921
4 24 161 595 842
1 401
3 62 316 476
3 20 330 680
1 859
3 172 206 796
0
2 205 505
3 368 573 715
1 522
1 439
4 354 426 684 874
2 3 11
3 83 399 879
2 133 142
2 727 955
3 341 397 735
2 86 206
3 279 582 761
0
3 253 408 906
3 617 696 741
3 230 464 756
2 312 862
1 920
3 117 820 921
2 343 540
2 31 924
3 98 175 839
2 325 803
1 148
2 486 615
1 939
1 696
2 22 424
4 181 206 329 664
1 105
2 260 943
0
4 750 797 821 977
2 147 833
1 299
3 342 374 787
3 385 433 746
1 482
4 126 449 553 997
2 549 747
2 419 580
1 355
2 464 959
1 738
2 24 373
3 246 412 652
4 86 388 526 684
3 7 425 569
3 655 851 859
5 264 537 549 903 926
2 336 501
2 304 714
1 234
2 4 825
1 447
1 58
1 307
2 533 829
3 219 486 825
2 99 223
1 930
4 254 565 734 777
3 294 375 974
3 50 141 382
4 60 70 574 922
2 713 932
3 43 709 858
2 437 721
1 353
1 745
2 105 152
3 475 535 680
3 165 294 752
3 184 791 923
5 40 50 633 641 787
3 235 310 520
1 435
3 13 248 896
2 287 412
3 90 342 847
1 680
5 20 53 207 527 620
3 511 623 735
1 927
1 884
3 35 134 821
5 195 494 635 813 877
4 318 903 930 978
1 675
2 208 466
2 436 987
4 25 373 546 788
3 95 269 722
2 405 574
2 557 592
1 552
1 900
1 136
5 105 180 721 729 851
2 77 887
5 154 309 486 715 969
2 881 901
1 787
1 422
3 523 528 719
5 96 210 673 857 999
1 321
1 666
2 90 130
2 396 406
2 438 843
1 211
2 123 297
3 6 68 247
1 898
3 698 815 994
1 277
2 343 432
1 306
4 338 359 588 612
3 505 569 664
2 157 656
2 17 396
2 108 525
2 269 386
2 283 502
2 47 136
2 663 879
1 872
3 422 766 981
3 406 752 827
1 722
3 112 217 318
1 652
1 564
3 516 914 924
1 651
2 514 929
3 108 719 877
2 521 643
3 134 165 396
2 48 797
4 115 375 452 924
3 97 240 933
3 109 452 797
2 70 600
2 627 995
2 558 736
4 411 557 672 857
2 527 719
2 617 870
2 323 902
1 745
2 69 527
1 976
3 154 689 998
2 528 681
3 82 805 900
3 294 893 924
5 77 118 654 689 847
0
2 591 686
4 17 224 500 773
3 545 601 976
2 424 924
4 73 94 249 509
1 862
2 461 589
4 495 533 738 745
4 147 275 291 454
3 95 276 496
2 193 712
4 57 206 465 634
3 11 352 835
4 158 410 552 801
3 328 557 889
3 208 566 679
3 106 590 725
4 177 388 690 777
2 934 969
1 641
4 310 696 871 909
4 129 232 717 881
3 47 416 944
5 43 307 393 529 670
2 191 580
4 316 398 496 743
5 6 152 451 684 974
3 246 834 951
2 408 675
1 20
2 345 999
2 240 328
1 577
1 650
2 655 984
3 394 487 876
4 494 513 708 905
1 1
1 261
3 576 579 601
4 279 433 480 723
3 191 588 727
3 66 561 632
4 0 83 155 543
4 197 235 665 670
2 82 274
1 435
1 681
3 66 500 896
2 332 958
2 669 934
1 154
1 740
3 87 700 949
1 963
1 71
3 74 257 921
4 376 627 749 888
3 22 277 624
2 535 829
3 479 794 938
4 20 22 206 382
3 251 313 733
2 379 413
2 80 209
1 129
1 491
2 290 294
2 42 590
3 646 755 796
3 24 586 866
2 111 161
1 685
5 85 267 412 448 621
1 110
2 312 668
1 58
1 478
1 834
4 61 182 468 573
5 42 306 331 360 479
2 9 65
3 60 874 996
3 284 789 825
4 411 546 737 942
2 576 773
2 312 718
2 90 272
2 136 512
2 82 979
5 404 442 608 665 932
1 986
2 283 863
3 189 740 863
3 79 674 847
2 8 358
3 104 216 549
1 667
4 86 102 249 582
1 83
0
2 283 320
4 126 260 492 761
1 556
1 378
3 163 214 557
1 804
2 777 806
1 947
2 95 530
1 773
2 209 721
2 209 813
1 941
2 747 879
3 663 800 837
3 76 181 610
2 708 889
2 24 626
4 150 553 593 712
4 81 180 215 652
1 509
1 808
3 286 824 962
2 221 406
2 100 814
4 234 775 822 907
2 32 557
1 52
1 95
3 12 513 653
2 82 797
3 36 199 859
3 355 499 887
2 231 656
1 145
5 4 21 461 643 701
4 407 691 873 917
5 191 201 377 491 685
1 320
2 622 951
2 371 768
2 632 706
2 37 727
1 465
1 327
2 588 693
2 460 483
1 522
2 414 504
2 762 924
2 331 549
4 265 623 874 943
3 90 564 598
1 812
1 871
1 446
3 302 867 988
2 124 170
2 67 693
1 765
2 632 732
3 170 342 775
2 295 947
3 654 726 743
3 113 697 908
1 769
2 393 929
2 212 878
2 184 590
2 643 933
3 39 200 639
2 46 531
2 601 752
1 173
5 87 299 335 672 926
1 726
2 509 974
1 265
3 196 471 474
1 731
2 832 877
1 380
4 174 210 642 864
1 543
2 63 795
2 14 363
3 306 329 683
2 272 668
3 69 109 675
6 11 96 390 433 547 761
2 75 939
5 387 493 506 791 828
4 207 392 546 609
1 228
3 168 323 942
2 80 524
3 12 21 336
6 218 583 606 669 746 758
5 132 196 474 562 815
2 340 640
1 465
2 355 983
2 241 884
2 835 842
3 92 434 786
5 155 286 358 488 517
2 277 320
3 61 125 836
1 837
2 641 732
2 331 747
3 629 632 679
3 44 595 860
2 408 675
1 204
3 722 945 955
3 54 725 824
2 199 363
1 861
2 320 616
3 557 596 971
3 469 656 742
2 353 969
1 966
7 241 407 765 861 917 926 948
1 81
2 360 397
3 325 668 826
4 201 227 233 573
3 426 876 883
1 871
4 204 222 655 824
2 668 786
3 233 285 835
2 574 835
4 615 679 688 842
2 322 623
3 209 230 820
1 697
1 209
3 57 571 785
2 846 933
1 509
2 427 535
3 104 300 908
2 469 671
2 45 849
1 175
3 366 787 979
3 699 715 831
1 943
3 199 260 671
2 161 384
1 333
3 81 301 809
3 118 238 727
3 159 777 854
2 810 834
2 103 895
2 693 823
2 805 979
1 982
1 133
2 420 842
2 170 625
4 200 300 475 994
3 327 448 961
1 377
2 710 812
4 398 422 750 912
2 108 283
2 278 617
2 443 839
2 203 722
3 29 528 740
2 786 952
1 313
1 224
2 270 486
4 201 316 708 756
2 691 974
2 533 985
2 495 692
6 0 314 684 721 833 895
4 463 500 603 605
2 533 536
2 261 528
3 210 257 836
2 191 351
3 180 503 984
2 432 812
1 162
2 386 870
2 427 879
2 288 814
2 378 465
1 949
1 437
1 999
0
2 422 970
2 15 168
1 590
3 52 112 747
1 352
1 718
3 159 694 879
2 204 898
1 372
4 610 858 972 997
3 162 215 734
4 28 175 359 523
4 225 519 716 727
2 2 173
1 894
2 391 452
2 273 431
2 244 683
3 458 675 942
1 53
1 181
4 9 669 817 898
4 331 373 504 827
6 171 305 879 883 920 928
2 261 329
1 663
5 63 265 377 860 895
1 900
3 120 194 631
2 454 703
1 955
0
3 47 74 886
2 87 289
1 995
2 46 340
1 291
3 405 517 735
1 136
1 670
2 152 372
1 865
2 104 367
3 142 314 466
1 791
2 331 829
4 282 613 695 875
3 60 751 884
4 237 643 683 997
3 44 569 583
3 479 500 556
2 353 512
5 210 639 661 785 829
2 291 674
1 317
3 16 179 986
1 834
3 728 829 983
2 425 497
2 740 792
0
2 181 372
4 459 541 571 611
3 170 437 814
4 35 302 844 939
5 60 128 362 763 860
3 394 541 557
1 813
2 710 814
1 248
3 270 285 588
0
3 86 527 743
2 367 762
2 97 949
1 389
0
1 804
3 65 670 712
4 354 469 578 837
1 494
1 24
3 594 694 787
2 191 306
2 345 609
1 285
1 530
3 54 104 124
3 122 862 934
1 182
2 539 694
2 195 519
2 725 837
4 210 243 588 608
0
1 335
2 45 505
0
3 186 233 237
5 39 302 674 888 965
3 83 793 967
3 125 343 672
3 201 206 497
3 291 587 833
2 433 442
4 158 741 823 889
1 826
1 833
1 271
2 618 866
4 399 595 710 939
2 324 673
3 215 424 694
2 569 868
3 111 231 281
1 495
2 43 394
1 798
2 287 737
2 63 850
1 771
2 576 647
3 187 652 984
1 257
3 47 743 972
1 548
2 72 402
4 352 455 494 633
2 879 947
3 158 188 681
3 481 565 870
1 484
4 255 260 734 995
1 17
1 813
1 211
2 175 285
2 234 921
2 452 635
2 669 781
3 137 491 510
1 793
2 460 547
2 271 837
3 349 733 820
2 575 579
3 58 218 906
2 63 907
1 958
6 94 353 586 588 666 795
4 290 306 427 473
1 733
3 139 222 823
2 157 825
3 415 533 762
4 249 741 909 963
1 655
2 4 298
3 664 711 939
3 143 266 923
2 475 752
1 768
4 168 349 543 596
0
2 379 517
1 301
2 124 732
4 22 358 598 614
3 130 159 696
2 312 898
2 272 876
1 1
1 677
3 199 451 987
1 108
1 925
3 26 433 827
1 911
2 102 899
3 61 292 843
1 257
1 47
3 198 544 607
5 39 611 772 777 924
1 168
5 77 309 385 588 690
3 298 536 945
2 547 612
1 737
1 385
3 475 712 905
2 72 625
1 558
2 222 595
2 776 828
1 205
1 566
2 192 589
3 190 800 886
3 232 780 818
2 809 904
2 130 238
1 556
4 549 581 594 786
3 876 926 970
1 745
1 874
1 288
1 804
1 796
2 658 977
4 124 823 872 976
5 221 352 456 480 855
1 153
1 714
3 323 488 523
1 625
2 451 563
1 718
3 51 67 679
1 637
4 17 30 112 437
2 435 546
2 70 323
1 243
2 659 801
2 448 515
1 845
1 267
1 808
2 266 522
2 12 826
2 761 839
0
2 550 890
2 108 752
1 409
1 188
2 633 660
3 20 461 823
3 81 218 620
1 822
2 591 820
2 363 578
6 187 425 517 645 754 899
5 335 448 593 596 835
2 58 527
4 14 47 852 900
2 274 487
1 82
4 245 407 515 710
4 82 271 402 868
1 36
1 258
2 253 788
2 459 635
2 317 885
2 146 701
6 48 114 255 316 497 981
2 413 686
4 129 168 523 847
2 364 545
3 327 643 848
